1	0.125185202	0.070132617	0.065809732	0.075849787	0.098685577	0.074790873	0.068474752	0.099217048	0.057975906	0.079295999	0.073011382	0.078267914	0.077985171	0.094381117	0.077590536	0.078630311	0.089921477	0.058117625	0.049636808	0.069705074	0.06830644	0.082464538	0.070233599	0.12990561	0.068713062	0.104114882	0.056824856	0.104160384	0.095011197	0.05809979	0.081086017	0.123206444	0.053712521	0.093089195	0.288764026	0.075895686	0.100105146	0.103497832	0.094024486	0.082379613	0.070420574	0.095279242	0.087266381	0.066485351	0.078681811	0.072244783	0.060567674	0.062046011	0.092677065	0.086979567	0.090183004	0.101944206	0.092707996	0.067407378	0.067973914	0.051797811	0.080651584	0.123198009	0.093604304	0.065274374	0.088010845	0.142903649	0.113763846	0.133434816	0.116373002	0.0892039	0.1010767	0.070735915	0.069790627	0.040422833	0.061890028	0.139903885	0.118322329	0.057905675	0.052394439	0.085061718	0.054156318	0.077427154	0.06580171	0.062728234	0.077137481	0.122081628	0.084510991	0.073911802	0.064984266	0.068609318	0.052998881	0.081423175	0.116949572	0.070651042	0.07366185	0.062259375	0.084615588	0.090911851
0.125185202	1	0.08473682	0.089278597	0.061285497	0.074302582	0.091763938	0.076004189	0.103606216	0.128235483	0.108342683	0.085291745	0.093687863	0.08481921	0.0823108	0.091797065	0.082054778	0.107502805	0.059132516	0.061025185	0.079027721	0.07581737	0.096243502	0.085291048	0.11362336	0.116521629	0.12358851	0.081372315	0.063136608	0.122797471	0.078819159	0.089377165	0.132226891	0.102172649	0.090204557	0.131439807	0.113868298	0.076389939	0.083915069	0.106827488	0.098224434	0.109033077	0.098532306	0.107816778	0.067646365	0.080055808	0.059279333	0.083810475	0.073230222	0.078579548	0.078086881	0.091757843	0.130782973	0.080522988	0.078745159	0.090441206	0.07685758	0.082059979	0.104013315	0.108844444	0.127515343	0.06396268	0.093470871	0.100652583	0.09990251	0.11840519	0.106320779	0.073071785	0.081898212	0.090598149	0.082257449	0.094456193	0.102806156	0.112180246	0.084532893	0.068236016	0.076056564	0.080148412	0.089283141	0.066950786	0.098636533	0.08930996	0.10307078	0.093357076	0.085575261	0.082648833	0.099724889	0.084738319	0.107949602	0.106057934	0.088657921	0.081372315	0.09765933	0.096854856	0.084570896
0.070132617	0.08473682	1	0.150596941	0.089649963	0.12393055	0.163905348	0.088597228	0.102738683	0.211034345	0.083458262	0.124515359	0.11756231	0.105814533	0.083531874	0.211495806	0.148539339	0.11104241	0.154980114	0.122937503	0.206752832	0.155963744	0.085284682	0.163122967	0.141194637	0.128477264	0.105844215	0.148008717	0.128022775	0.094593038	0.074120557	0.116914557	0.094671399	0.109488664	0.174426019	0.080585196	0.152927945	0.141427419	0.116434896	0.118077094	0.170266925	0.151236692	0.118998991	0.091325153	0.103902542	0.098809577	0.115114556	0.127783526	0.089346129	0.116384987	0.06853647	0.101927622	0.096480932	0.08897431	0.096146822	0.102872719	0.162620803	0.123469095	0.09216978	0.085083393	0.11366833	0.172629666	0.07904792	0.101455581	0.113820498	0.105720203	0.123759122	0.111345044	0.149072753	0.076562504	0.131387845	0.197294944	0.119297718	0.076546684	0.10538935	0.180724006	0.114374579	0.15869038	0.095073208	0.110179451	0.140839938	0.118025747	0.07611214	0.13746353	0.074682229	0.130184241	0.168217958	0.145790736	0.092956558	0.097911131	0.141959103	0.098672478	0.106419945	0.115116393	0.08481067
0.065809732	0.089278597	0.150596941	1	0.261719278	0.344016481	0.287558703	0.352975692	0.087517505	0.135186062	0.112012754	0.09517181	0.11381227	0.099151421	0.101686152	0.143646858	0.118264842	0.107376817	0.140692494	0.154246332	0.103471387	0.105805874	0.083330579	0.155678742	0.120316678	0.06909598	0.101786887	0.148144692	0.103997996	0.092528123	0.074188651	0.132121574	0.123044455	0.156556073	0.152298656	0.059433116	0.183250949	0.137625199	0.108411037	0.14838855	0.166108833	0.134698656	0.113872785	0.117525925	0.115140639	0.094779504	0.134749177	0.123840574	0.093587662	0.094919333	0.094324222	0.069903458	0.12071196	0.092845669	0.100419289	0.135829109	0.133833277	0.092686894	0.057109901	0.127742339	0.078765755	0.094822826	0.079120541	0.093259091	0.08016949	0.120341274	0.106786913	0.102531549	0.116506208	0.10284934	0.127523443	0.175534398	0.065131263	0.078870448	0.139241746	0.126447404	0.127439615	0.115517213	0.092997812	0.128004352	0.07645794	0.082471029	0.087065215	0.12140278	0.051257718	0.116690007	0.080079603	0.133235571	0.124055943	0.063913749	0.140116054	0.156962829	0.106517712	0.111676853	0.091418476
0.075849787	0.061285497	0.089649963	0.261719278	1	0.292665641	0.423659486	0.263476331	0.08232718	0.081628556	0.108121003	0.112917614	0.084355248	0.107708679	0.103411394	0.127631301	0.130580337	0.113030138	0.104558119	0.105750558	0.089952043	0.082905698	0.082677458	0.106190271	0.097109533	0.08588346	0.090838674	0.105819425	0.100096615	0.098474637	0.087236011	0.138202142	0.116502271	0.101497813	0.105773487	0.075551848	0.120585912	0.130629515	0.114384764	0.108171672	0.127243783	0.093931885	0.091845177	0.087647934	0.107651077	0.088006038	0.089370898	0.109424751	0.095175502	0.089948192	0.115545491	0.09798818	0.105762462	0.10983658	0.09786791	0.11139809	0.09196212	0.086404497	0.100521082	0.10711849	0.075652003	0.102860397	0.104384337	0.096948942	0.090111743	0.080181982	0.078191061	0.08387026	0.068595358	0.131255613	0.091186206	0.077084975	0.081691439	0.103125331	0.098693814	0.083942492	0.085668986	0.069227587	0.105572812	0.092124637	0.11177303	0.086137024	0.077474594	0.094654614	0.095566852	0.106802828	0.073085619	0.079577069	0.096723217	0.095330593	0.078270974	0.078916182	0.088428512	0.084728019	0.101823752
0.098685577	0.074302582	0.12393055	0.344016481	0.292665641	1	0.285262824	0.386420828	0.125988158	0.115930201	0.116155342	0.110095004	0.104136539	0.099347549	0.101656258	0.12244184	0.147449792	0.132204149	0.142814996	0.124746865	0.105109371	0.103000348	0.111548875	0.114447175	0.123717915	0.108794174	0.097188283	0.096794673	0.121976065	0.12390821	0.09595335	0.105288806	0.148882437	0.1250124	0.125887966	0.108857947	0.165847235	0.123826265	0.126803624	0.133510433	0.174686493	0.132735355	0.129541281	0.136289994	0.12030516	0.114937859	0.080825737	0.100464037	0.123499396	0.104811896	0.131157847	0.11728996	0.108608825	0.122747563	0.12046772	0.102498927	0.123668985	0.125090521	0.110672801	0.114934306	0.090553988	0.106170343	0.096199395	0.126795077	0.117687958	0.082139887	0.078785573	0.09626219	0.097468637	0.108867286	0.105773501	0.114861465	0.078134538	0.079072539	0.100604222	0.109028823	0.116605357	0.10950287	0.105078254	0.10276712	0.118236106	0.086234879	0.076377266	0.114691899	0.094158368	0.108489802	0.114541748	0.093237481	0.128360153	0.113094078	0.12961857	0.095207875	0.09779363	0.119618594	0.105753137
0.074790873	0.091763938	0.163905348	0.287558703	0.423659486	0.285262824	1	0.265028858	0.085565829	0.127087843	0.097092673	0.102252131	0.092849406	0.119763079	0.090637957	0.122816965	0.130451525	0.117119222	0.121185859	0.10948792	0.107104908	0.130449382	0.09782787	0.159917343	0.107244277	0.092383058	0.110400855	0.129101262	0.11918394	0.081995442	0.090667767	0.121131331	0.144658442	0.115779791	0.131612652	0.070240117	0.15565412	0.136691912	0.092404526	0.119829613	0.147099681	0.127353233	0.111563064	0.108685118	0.115459442	0.095041931	0.107706159	0.162863561	0.137641957	0.127630606	0.107483395	0.098514713	0.108010445	0.096902853	0.106990914	0.098858609	0.112441052	0.118115731	0.055065411	0.112364941	0.078983842	0.135232529	0.092205493	0.097673633	0.080391464	0.10819091	0.092091024	0.087169612	0.084034745	0.113245298	0.091911257	0.126014619	0.074019813	0.070050103	0.114240502	0.116231053	0.110464678	0.097220388	0.112773857	0.124409271	0.091045195	0.084934494	0.067662369	0.091304191	0.085666068	0.074108296	0.107068438	0.106035298	0.105739515	0.0747725	0.106862204	0.091962543	0.078474592	0.099543169	0.089488939
0.068474752	0.076004189	0.088597228	0.352975692	0.263476331	0.386420828	0.265028858	1	0.097270345	0.11388708	0.123911671	0.092166937	0.100356943	0.11936636	0.128247294	0.120143277	0.12465218	0.115823501	0.11090148	0.095082478	0.11208167	0.090238173	0.099970427	0.118524207	0.139098891	0.092590859	0.108070236	0.106766362	0.126478615	0.077345768	0.072368421	0.103550298	0.121739593	0.112916505	0.134690343	0.08231936	0.126434809	0.127700779	0.114083064	0.120487319	0.134677051	0.121344927	0.116379424	0.129696462	0.12999191	0.099397266	0.12376547	0.126743214	0.11213175	0.116311999	0.148027047	0.082205794	0.084319077	0.102161694	0.12269172	0.095324965	0.107775638	0.116897366	0.0602537	0.120832156	0.0910616	0.109625283	0.099113147	0.099976172	0.089801936	0.105981005	0.107070926	0.099093509	0.065735624	0.114453807	0.099892662	0.088679877	0.080090409	0.066077807	0.089801936	0.089705452	0.112373211	0.08780492	0.102287353	0.121079996	0.08588234	0.078009783	0.070002132	0.10335198	0.076767833	0.10669844	0.120419454	0.074016582	0.123212433	0.064486778	0.117602827	0.113439259	0.082249525	0.087191394	0.096767652
0.099217048	0.103606216	0.102738683	0.087517505	0.08232718	0.125988158	0.085565829	0.097270345	1	0.100564748	0.108465229	0.094397593	0.098727779	0.096556742	0.104893299	0.082787391	0.098534322	0.107624401	0.075141214	0.084575103	0.053632271	0.111482716	0.128212466	0.112984613	0.109108945	0.109654221	0.081591239	0.067172363	0.108309578	0.130619889	0.071745503	0.107832773	0.146452195	0.076864837	0.097267719	0.058107493	0.103924075	0.106084372	0.122583196	0.10472023	0.110408954	0.128258775	0.105935968	0.118124124	0.09725758	0.090738619	0.0883272	0.103904753	0.116342336	0.115544254	0.099510521	0.092196542	0.123782375	0.096976803	0.099602384	0.078226924	0.103325489	0.085037925	0.101961568	0.17071584	0.096354167	0.067717042	0.08653669	0.069066991	0.105465072	0.093843468	0.094055368	0.092854204	0.068118658	0.088811027	0.083006468	0.104463862	0.105946336	0.088510347	0.057754682	0.087793133	0.079698101	0.147313913	0.102967011	0.086725526	0.099534696	0.098160158	0.095856209	0.115598568	0.127101849	0.145833333	0.153968434	0.113272892	0.110742079	0.103965856	0.117444692	0.107055953	0.129368812	0.116043052	0.093265501
0.057975906	0.128235483	0.211034345	0.135186062	0.081628556	0.115930201	0.127087843	0.11388708	0.100564748	1	0.117804007	0.127586863	0.121913165	0.126880005	0.119442249	0.178961904	0.12036498	0.103902919	0.122286687	0.141394993	0.168757117	0.145496869	0.11210181	0.220337125	0.111919639	0.099246142	0.116961431	0.176309983	0.104564404	0.143411551	0.069264657	0.125792438	0.112135398	0.182144387	0.170735192	0.073171602	0.164740278	0.164167053	0.113672972	0.126751199	0.16980224	0.160676108	0.109792934	0.126043745	0.089626632	0.149158495	0.139129608	0.149301419	0.14816602	0.094196863	0.086216312	0.117230748	0.098162502	0.113219115	0.132217651	0.115800341	0.164176248	0.122036747	0.103483894	0.154511959	0.128220054	0.171913337	0.103201891	0.121450605	0.12121221	0.174044504	0.154610654	0.192093112	0.159710683	0.157576368	0.226671068	0.309431251	0.117251106	0.090628575	0.152727385	0.262344289	0.208488722	0.189626708	0.106862067	0.153876087	0.134530122	0.110133384	0.067530396	0.12787655	0.090803083	0.198894724	0.198192599	0.182260159	0.130671192	0.112611233	0.124722005	0.17225688	0.114903808	0.132399643	0.095042779
0.079295999	0.108342683	0.083458262	0.112012754	0.108121003	0.116155342	0.097092673	0.123911671	0.108465229	0.117804007	1	0.133397673	0.115552523	0.090766426	0.151697009	0.126494577	0.137847556	0.140082063	0.065201672	0.07159772	0.093075784	0.093153173	0.10495543	0.105882353	0.128207373	0.111007588	0.122288317	0.085608922	0.111244693	0.117786503	0.081410566	0.115011713	0.108090836	0.09903538	0.13555364	0.096457834	0.118009654	0.104235043	0.109167277	0.123417772	0.114742311	0.109968023	0.116255498	0.128123601	0.111244693	0.155343764	0.131100621	0.096450685	0.137467622	0.120312326	0.110701861	0.144391962	0.1285068	0.1076323	0.097230559	0.117657297	0.102732875	0.089743699	0.077131423	0.124987945	0.112984613	0.104461433	0.090549434	0.081334841	0.100229997	0.132859515	0.11249483	0.092081851	0.099217078	0.133298625	0.11730034	0.1236076	0.100900919	0.097748458	0.119840214	0.108828598	0.116003247	0.095870624	0.111683404	0.124066799	0.120915801	0.09898799	0.098912625	0.091948451	0.092642801	0.096413537	0.127239782	0.128868274	0.119582798	0.081412131	0.10394751	0.116573852	0.098785406	0.115339358	0.085424539
0.073011382	0.085291745	0.124515359	0.09517181	0.112917614	0.110095004	0.102252131	0.092166937	0.094397593	0.127586863	0.133397673	1	0.19498844	0.211114369	0.231198669	0.121155691	0.122876141	0.11843056	0.122291692	0.121774858	0.106976864	0.109045578	0.117754182	0.138078293	0.120064162	0.12776208	0.122912181	0.13261559	0.116752196	0.082228985	0.102884022	0.116333191	0.109835133	0.125441492	0.119053865	0.083729478	0.107631716	0.100174755	0.098558358	0.097125023	0.103710934	0.13599732	0.077446155	0.080485771	0.059520727	0.132074168	0.129995622	0.115119499	0.087165161	0.119666462	0.124201359	0.118775003	0.121330714	0.107443795	0.108313635	0.12692786	0.138223542	0.121396231	0.100183851	0.13812998	0.110580037	0.119485759	0.092260012	0.079195097	0.085821757	0.069057096	0.086880018	0.093419286	0.105823334	0.084521693	0.110530085	0.093437475	0.104373631	0.102779364	0.096224394	0.153707021	0.109167718	0.078827601	0.130634622	0.121377816	0.106031047	0.046709643	0.083177204	0.099768928	0.078981835	0.103088165	0.118963327	0.117314067	0.124887893	0.105048769	0.090009679	0.084787016	0.080390539	0.131108788	0.072444662
0.078267914	0.093687863	0.11756231	0.11381227	0.084355248	0.104136539	0.092849406	0.100356943	0.098727779	0.121913165	0.115552523	0.19498844	1	0.321603783	0.211045104	0.145980998	0.122332734	0.112679913	0.109784315	0.109121937	0.120840816	0.15107549	0.145032533	0.131490802	0.084172562	0.122861578	0.117713287	0.109193	0.079901839	0.088065515	0.080285555	0.132704753	0.10685904	0.143752017	0.149425519	0.093552573	0.115380777	0.119664103	0.11092108	0.103352072	0.11318998	0.1225043	0.116749651	0.094553201	0.093543617	0.140541937	0.131157455	0.068174047	0.096027304	0.090551984	0.087734648	0.09119914	0.107185394	0.109361444	0.125137287	0.082763651	0.146136632	0.103343518	0.069150495	0.112885255	0.135463697	0.148153241	0.08751613	0.067418073	0.068631453	0.113220725	0.100854787	0.10291729	0.124405099	0.107928834	0.106639035	0.123500168	0.088852332	0.061483076	0.110695892	0.147435947	0.124666884	0.123387029	0.142981813	0.119860297	0.137902227	0.077187967	0.075376263	0.114658727	0.141196702	0.081635373	0.112046069	0.115403494	0.082449095	0.06930598	0.089050012	0.129551017	0.095810039	0.09114958	0.05710323
0.077985171	0.08481921	0.105814533	0.099151421	0.107708679	0.099347549	0.119763079	0.11936636	0.096556742	0.126880005	0.090766426	0.211114369	0.321603783	1	0.224377592	0.10936282	0.115982057	0.110846522	0.101713669	0.127473894	0.116613439	0.125451865	0.117101799	0.139640655	0.126422451	0.087055691	0.101859351	0.121070964	0.095616183	0.073859862	0.079577574	0.106433586	0.09362282	0.117549606	0.106251278	0.067653299	0.116285388	0.106046847	0.104657227	0.104635841	0.095202788	0.127380851	0.109107541	0.08804385	0.100169334	0.126290816	0.098153559	0.082128185	0.086682248	0.11106992	0.105117666	0.118116964	0.120658516	0.102202945	0.092325904	0.110110868	0.166279542	0.094685232	0.080780118	0.109891769	0.120695927	0.113657532	0.089127475	0.091458975	0.085346286	0.099196508	0.096871253	0.109296145	0.132799135	0.098886382	0.131901271	0.139379718	0.085165439	0.132596685	0.113795049	0.137785196	0.113858658	0.096092045	0.135213363	0.113463036	0.102514624	0.079239705	0.05336541	0.12153983	0.128288956	0.109669386	0.130889803	0.12444173	0.096315256	0.080961752	0.099187872	0.092965205	0.085274836	0.110825056	0.064038492
0.094381117	0.0823108	0.083531874	0.101686152	0.103411394	0.101656258	0.090637957	0.128247294	0.104893299	0.119442249	0.151697009	0.231198669	0.211045104	0.224377592	1	0.098513692	0.141226023	0.113469711	0.095343915	0.085218332	0.092318618	0.115138854	0.127420387	0.114356207	0.105644282	0.115609775	0.127677378	0.084551169	0.116427433	0.126968133	0.139647053	0.16241343	0.130392393	0.156365698	0.115678527	0.104370715	0.103357052	0.117619606	0.104947539	0.114611579	0.092815016	0.111964543	0.091711489	0.094709028	0.089032743	0.121575493	0.12483276	0.092338549	0.097148899	0.116681735	0.118585412	0.14399149	0.13697345	0.144412724	0.108012345	0.113109388	0.16674079	0.113937458	0.083704336	0.154275241	0.126409873	0.145056304	0.128804727	0.117188419	0.085583031	0.081617782	0.099765371	0.106859342	0.08291562	0.084286583	0.112672021	0.107889812	0.112089708	0.091413093	0.111517283	0.118737612	0.111519273	0.093822845	0.154198613	0.10409456	0.085176308	0.057539646	0.066891802	0.099491406	0.107641585	0.114755062	0.098439662	0.127386651	0.111832285	0.094280904	0.092185231	0.108398935	0.093528074	0.10677434	0.082945834
0.077590536	0.091797065	0.211495806	0.143646858	0.127631301	0.12244184	0.122816965	0.120143277	0.082787391	0.178961904	0.126494577	0.121155691	0.145980998	0.10936282	0.098513692	1	0.309908798	0.24018108	0.176560973	0.124026794	0.249845422	0.176918421	0.100309767	0.223317586	0.147667377	0.15156291	0.158909596	0.211802504	0.161925123	0.069030549	0.080095518	0.102468661	0.108192503	0.177069615	0.169071526	0.085553538	0.148962865	0.182207727	0.113698598	0.123139738	0.193419353	0.182554058	0.135657141	0.124600729	0.139011191	0.110164428	0.122084927	0.103537157	0.116328579	0.092273453	0.089931566	0.105676221	0.113042067	0.134040317	0.101531159	0.147770057	0.144303064	0.144540618	0.101180662	0.103233217	0.138578893	0.173329229	0.130163935	0.090349543	0.109329535	0.11776253	0.135272706	0.108174059	0.127778925	0.112800668	0.149149868	0.169000587	0.09822055	0.094533963	0.135360376	0.231136657	0.140362455	0.123866242	0.092507947	0.171707265	0.129714336	0.078838721	0.080569121	0.159779125	0.086082631	0.191970761	0.177344625	0.165262634	0.090139183	0.101641826	0.116878189	0.161027931	0.076889251	0.141437893	0.068036147
0.078630311	0.082054778	0.148539339	0.118264842	0.130580337	0.147449792	0.130451525	0.12465218	0.098534322	0.12036498	0.137847556	0.122876141	0.122332734	0.115982057	0.141226023	0.309908798	1	0.294334458	0.145886638	0.149730132	0.231612527	0.146664258	0.102740045	0.157041519	0.16499457	0.190515603	0.168009925	0.17181821	0.122892664	0.110751557	0.106540325	0.130104848	0.103989454	0.134895577	0.134285612	0.105346654	0.133748092	0.130103486	0.133267363	0.123105834	0.141763544	0.140306387	0.11909469	0.115217625	0.131426877	0.117409924	0.199230822	0.151138343	0.154827328	0.136806776	0.124127389	0.149331664	0.143374775	0.14976852	0.109599173	0.140946962	0.164559933	0.166825126	0.102959104	0.148302687	0.108588845	0.127820594	0.125783598	0.123807952	0.110524077	0.139208575	0.09618351	0.098332582	0.146529589	0.111208786	0.177638994	0.135664993	0.099768804	0.076631002	0.13960936	0.17755243	0.15286205	0.115649838	0.115289242	0.123076973	0.111995173	0.079895223	0.106027146	0.13761495	0.098146439	0.139422715	0.150974573	0.143836092	0.091214541	0.107694183	0.112454738	0.129674121	0.111884595	0.153146469	0.084021512
0.089921477	0.107502805	0.11104241	0.107376817	0.113030138	0.132204149	0.117119222	0.115823501	0.107624401	0.103902919	0.140082063	0.11843056	0.112679913	0.110846522	0.113469711	0.24018108	0.294334458	1	0.125695523	0.122548641	0.131690327	0.154644247	0.122887335	0.143973231	0.156570464	0.14555146	0.161787108	0.108440779	0.114188605	0.094821828	0.118793334	0.133462532	0.110151637	0.098267653	0.128158349	0.073957795	0.122618178	0.111486254	0.122208314	0.109003775	0.130433331	0.131464512	0.112671622	0.111071806	0.100866601	0.126690025	0.144093403	0.160198489	0.140664527	0.128222596	0.151584297	0.141336511	0.165573477	0.143691758	0.130779692	0.150421715	0.157538203	0.14643449	0.085537436	0.114832437	0.134530501	0.097173415	0.113952914	0.106189907	0.086480877	0.123324447	0.105056719	0.082231225	0.085880119	0.111598835	0.124558813	0.089942884	0.088994426	0.096990707	0.103777053	0.100785955	0.110676907	0.080329829	0.099735865	0.100905759	0.107735755	0.073094422	0.100376436	0.124412266	0.118188809	0.143499201	0.13677453	0.108363797	0.105942666	0.082964291	0.088984998	0.108440779	0.102475053	0.103545694	0.095915261
0.058117625	0.059132516	0.154980114	0.140692494	0.104558119	0.142814996	0.121185859	0.11090148	0.075141214	0.122286687	0.065201672	0.122291692	0.109784315	0.101713669	0.095343915	0.176560973	0.145886638	0.125695523	1	0.314609472	0.34880557	0.149774488	0.091738916	0.135992059	0.127429336	0.124299516	0.120260495	0.164401449	0.13302554	0.090792292	0.08417138	0.098158247	0.079102986	0.124815498	0.145796612	0.066649312	0.13115783	0.131184964	0.090420655	0.117256943	0.150291901	0.135948038	0.092471608	0.097382291	0.076535242	0.123327993	0.143718779	0.101596448	0.130605446	0.097372217	0.096761727	0.113084217	0.109336061	0.130148401	0.088271313	0.107484637	0.136646447	0.10800085	0.049572535	0.079165824	0.096610132	0.165411459	0.121700046	0.091509547	0.080735652	0.085508862	0.138314334	0.102795185	0.078219322	0.118729273	0.156413872	0.137010177	0.059648772	0.081813169	0.105577391	0.129245047	0.114451483	0.103229561	0.076398002	0.117873571	0.07971256	0.083111001	0.074752885	0.113168996	0.104783586	0.114500898	0.149095402	0.074706324	0.105498162	0.056443252	0.09488572	0.114215743	0.078922839	0.118278758	0.064073901
0.049636808	0.061025185	0.122937503	0.154246332	0.105750558	0.124746865	0.10948792	0.095082478	0.084575103	0.141394993	0.07159772	0.121774858	0.109121937	0.127473894	0.085218332	0.124026794	0.149730132	0.122548641	0.314609472	1	0.346158501	0.130825882	0.093894545	0.162884813	0.10983452	0.112192986	0.11163345	0.141334919	0.131317301	0.101437617	0.069945731	0.09609332	0.093339307	0.10885683	0.127245137	0.070042599	0.167689162	0.145819098	0.114987269	0.113902568	0.119999035	0.114900338	0.109828344	0.107111021	0.068284996	0.097129319	0.17675512	0.135898671	0.131372549	0.103727979	0.133394594	0.126467526	0.113808327	0.125051052	0.10651074	0.132191909	0.173922714	0.083744956	0.070411033	0.088742781	0.117580021	0.123173082	0.090724331	0.068386511	0.103431448	0.088028412	0.118802007	0.121885325	0.148384547	0.102671246	0.125866048	0.122240934	0.083922003	0.076484337	0.117354913	0.149019694	0.138479374	0.143917675	0.091757279	0.122540332	0.099117201	0.07565296	0.067720845	0.087752389	0.074502954	0.174192623	0.108409932	0.127609601	0.103315607	0.076327383	0.137684487	0.103091353	0.088128818	0.143729133	0.053355817
0.069705074	0.079027721	0.206752832	0.103471387	0.089952043	0.105109371	0.107104908	0.11208167	0.053632271	0.168757117	0.093075784	0.106976864	0.120840816	0.116613439	0.092318618	0.249845422	0.231612527	0.131690327	0.34880557	0.346158501	1	0.225187077	0.097796632	0.194769697	0.130039122	0.165539395	0.164075027	0.251381865	0.146684316	0.076189897	0.058934962	0.087392338	0.07190487	0.120813739	0.145013405	0.053958017	0.119394583	0.154696147	0.089811894	0.114451282	0.164516238	0.136265937	0.108135816	0.08535936	0.079243251	0.112236815	0.156022483	0.119804729	0.120840786	0.099884859	0.097312368	0.109775239	0.101161597	0.123858424	0.112061234	0.10541551	0.195392026	0.124469493	0.059825564	0.087489502	0.111237302	0.183653452	0.091245796	0.07902335	0.113006915	0.113022613	0.124095343	0.163912543	0.170722012	0.135484788	0.171854592	0.166607624	0.086725818	0.075696443	0.099599315	0.245541906	0.15295882	0.125476086	0.092284681	0.126939625	0.07809129	0.091062524	0.069164018	0.106544946	0.079498579	0.185395503	0.206922524	0.126721719	0.110750531	0.059960081	0.094958294	0.144104254	0.067101488	0.112654395	0.063235673
0.06830644	0.07581737	0.155963744	0.105805874	0.082905698	0.103000348	0.130449382	0.090238173	0.111482716	0.145496869	0.093153173	0.109045578	0.15107549	0.125451865	0.115138854	0.176918421	0.146664258	0.154644247	0.149774488	0.130825882	0.225187077	1	0.237805051	0.33499314	0.12974679	0.152127738	0.135245769	0.20967961	0.138434036	0.073094827	0.072190539	0.12644827	0.094750168	0.138490518	0.129685907	0.082117018	0.16884346	0.1632531	0.109966602	0.109039403	0.170985835	0.157360657	0.11362329	0.110895143	0.096378127	0.1185947	0.171371589	0.160913044	0.135404788	0.0936351	0.091025257	0.115874837	0.08411182	0.134092867	0.142130488	0.13436723	0.232086642	0.13665238	0.070468629	0.112076542	0.119740695	0.157074728	0.102905016	0.101685927	0.073655655	0.12725616	0.153158274	0.109365886	0.100289716	0.079920735	0.12784914	0.154337784	0.108573281	0.074420598	0.109488135	0.162398622	0.095791978	0.110946186	0.102035929	0.130073332	0.105961798	0.086230795	0.049291811	0.133645477	0.096731542	0.148643622	0.195684994	0.133700579	0.09364539	0.082420594	0.108003142	0.139786406	0.096405642	0.103703437	0.065722415
0.082464538	0.096243502	0.085284682	0.083330579	0.082677458	0.111548875	0.09782787	0.099970427	0.128212466	0.11210181	0.10495543	0.117754182	0.145032533	0.117101799	0.127420387	0.100309767	0.102740045	0.122887335	0.091738916	0.093894545	0.097796632	0.237805051	1	0.205712642	0.101355183	0.159158921	0.12402492	0.066298724	0.129359086	0.118958299	0.097407083	0.100169702	0.131353462	0.077893618	0.0999386	0.068059368	0.098922446	0.091299554	0.112373581	0.090018771	0.094214672	0.100705168	0.083935973	0.095291585	0.063652884	0.095680919	0.118756985	0.112233516	0.094277788	0.0906369	0.111400684	0.127422527	0.149892275	0.119415271	0.150351826	0.089623589	0.085984524	0.091804716	0.077715471	0.118938016	0.082249506	0.100181673	0.078022688	0.089364024	0.060648256	0.066527937	0.077925825	0.071468905	0.065537769	0.069121391	0.077107663	0.077191068	0.088815633	0.102152633	0.081641883	0.095146528	0.102692881	0.075264826	0.121953395	0.087094517	0.092461323	0.086255575	0.072198036	0.096197831	0.115708044	0.096764125	0.102161971	0.084178578	0.089155959	0.080088729	0.096006729	0.091648236	0.067298165	0.096036902	0.110703656
0.070233599	0.085291048	0.163122967	0.155678742	0.106190271	0.114447175	0.159917343	0.118524207	0.112984613	0.220337125	0.105882353	0.138078293	0.131490802	0.139640655	0.114356207	0.223317586	0.157041519	0.143973231	0.135992059	0.162884813	0.194769697	0.33499314	0.205712642	1	0.116372846	0.126865815	0.171632726	0.22950477	0.151522944	0.075561153	0.074227281	0.144251979	0.09640534	0.171796068	0.17263907	0.098650058	0.136935731	0.159736819	0.104968535	0.122061533	0.152618414	0.155015165	0.110848266	0.101150211	0.080556502	0.14470378	0.14521915	0.136289011	0.115988306	0.104716284	0.108487823	0.113172078	0.103572645	0.101761447	0.125319387	0.169698025	0.20173001	0.127635483	0.070325709	0.124987945	0.122023383	0.191512627	0.128094322	0.117721481	0.104587823	0.143573992	0.167639355	0.202580072	0.147770116	0.110387924	0.158458354	0.2472152	0.103143162	0.069820327	0.172134125	0.235795295	0.138311563	0.142740706	0.102748731	0.15660891	0.08390076	0.087477759	0.056200355	0.102397139	0.105877487	0.204878766	0.190859674	0.183473475	0.093957913	0.070410492	0.099871137	0.160289046	0.071843931	0.15378581	0.074184468
0.12990561	0.11362336	0.141194637	0.120316678	0.097109533	0.123717915	0.107244277	0.139098891	0.109108945	0.111919639	0.128207373	0.120064162	0.084172562	0.126422451	0.105644282	0.147667377	0.16499457	0.156570464	0.127429336	0.10983452	0.130039122	0.12974679	0.101355183	0.116372846	1	0.155535332	0.185600176	0.093446097	0.418678694	0.084951896	0.065033248	0.090202321	0.121956533	0.109788758	0.124780544	0.127903563	0.146707659	0.107577125	0.108407273	0.124150228	0.164730313	0.122615669	0.106066802	0.124813965	0.111904904	0.154125068	0.142023187	0.134988657	0.159890252	0.165850927	0.131403444	0.137397603	0.142775223	0.149610937	0.128236631	0.129735909	0.137163777	0.168515774	0.107255631	0.121073064	0.104562739	0.116027365	0.124411273	0.094736105	0.103016683	0.081913294	0.086536	0.090312627	0.099805908	0.100567291	0.103505694	0.103617652	0.094733093	0.074917008	0.124935127	0.085755002	0.127912055	0.096439594	0.110099295	0.132986917	0.101774893	0.060208418	0.110806426	0.157660473	0.108724718	0.101026801	0.127994921	0.112055711	0.103107852	0.108455929	0.137368936	0.117265691	0.076787203	0.103132329	0.108545071
0.068713062	0.116521629	0.128477264	0.06909598	0.08588346	0.108794174	0.092383058	0.092590859	0.109654221	0.099246142	0.111007588	0.12776208	0.122861578	0.087055691	0.115609775	0.15156291	0.190515603	0.14555146	0.124299516	0.112192986	0.165539395	0.152127738	0.159158921	0.126865815	0.155535332	1	0.329676898	0.136266062	0.143488747	0.112337428	0.082302986	0.104448149	0.106322326	0.122597146	0.115061529	0.093082692	0.1316838	0.093060793	0.094799815	0.10009076	0.10586418	0.112512928	0.107963501	0.111803191	0.091134745	0.139836046	0.101952109	0.148381698	0.165032263	0.13965062	0.109677063	0.126248459	0.135732598	0.136509802	0.109218218	0.109797279	0.098193991	0.13306695	0.075683495	0.084238706	0.107369758	0.103406399	0.109403894	0.110356526	0.088111926	0.110485673	0.06689882	0.088436686	0.085365695	0.086330522	0.076976995	0.085391098	0.088406059	0.098819973	0.074895137	0.119190037	0.11727487	0.105536803	0.067744604	0.069910028	0.114757115	0.086109405	0.079542989	0.092956387	0.115957955	0.123868657	0.137210219	0.099366806	0.105781953	0.075631225	0.078300101	0.099437397	0.079440683	0.098095179	0.095451587
0.104114882	0.12358851	0.105844215	0.101786887	0.090838674	0.097188283	0.110400855	0.108070236	0.081591239	0.116961431	0.122288317	0.122912181	0.117713287	0.101859351	0.127677378	0.158909596	0.168009925	0.161787108	0.120260495	0.11163345	0.164075027	0.135245769	0.12402492	0.171632726	0.185600176	0.329676898	1	0.141501098	0.140606824	0.094834106	0.062877228	0.142904252	0.121464967	0.126051912	0.113336717	0.119932013	0.12424878	0.106643848	0.110258139	0.109811625	0.118232913	0.124671466	0.103536476	0.11657701	0.104930466	0.151343791	0.1147559	0.146827615	0.152761563	0.165769858	0.121125396	0.145177896	0.113324903	0.143461386	0.130026911	0.121308685	0.138974767	0.130925123	0.084394011	0.111431335	0.09642601	0.102391401	0.106324868	0.105386706	0.088210828	0.117233375	0.096538972	0.100752152	0.099320139	0.093435054	0.094570132	0.099180636	0.090774658	0.081487481	0.116819745	0.099229791	0.119603302	0.093242373	0.092871513	0.120171032	0.129601045	0.090676937	0.120524522	0.089173669	0.10136592	0.131864629	0.13225948	0.121883373	0.135515498	0.081855263	0.104814667	0.129543258	0.063869534	0.102161543	0.073790524
0.056824856	0.081372315	0.148008717	0.148144692	0.105819425	0.096794673	0.129101262	0.106766362	0.067172363	0.176309983	0.085608922	0.13261559	0.109193	0.121070964	0.084551169	0.211802504	0.17181821	0.108440779	0.164401449	0.141334919	0.251381865	0.20967961	0.066298724	0.22950477	0.093446097	0.136266062	0.141501098	1	0.128284785	0.074321336	0.064504677	0.086920586	0.074629614	0.15020197	0.134237888	0.057020919	0.14065071	0.137069513	0.084508925	0.109609175	0.142809403	0.160001121	0.095437706	0.080181994	0.103340521	0.114654289	0.174247152	0.136344263	0.131690889	0.095206268	0.076098831	0.076129317	0.103340521	0.11452804	0.104372229	0.105093747	0.201277899	0.142650575	0.092724916	0.101056342	0.119650771	0.139493888	0.123096154	0.117310365	0.085012057	0.115457012	0.102452778	0.177493924	0.15491983	0.145110322	0.172051425	0.185633779	0.074985356	0.07134539	0.155855438	0.230836083	0.140918192	0.122703253	0.114122867	0.124698441	0.05501607	0.081262278	0.056383777	0.095121605	0.063520723	0.154869614	0.165478776	0.144060095	0.079347276	0.091979546	0.109815402	0.150592217	0.087595289	0.090137228	0.087708097
0.104160384	0.063136608	0.128022775	0.103997996	0.100096615	0.121976065	0.11918394	0.126478615	0.108309578	0.104564404	0.111244693	0.116752196	0.079901839	0.095616183	0.116427433	0.161925123	0.122892664	0.114188605	0.13302554	0.131317301	0.146684316	0.138434036	0.129359086	0.151522944	0.418678694	0.143488747	0.140606824	0.128284785	1	0.067391145	0.074950291	0.089620921	0.084300597	0.112691363	0.098822058	0.111508932	0.129592574	0.133741405	0.105416861	0.119398894	0.151468614	0.117937305	0.116364151	0.133244223	0.08630394	0.145710379	0.138105482	0.162030233	0.147075377	0.130764271	0.112618501	0.11452071	0.12195122	0.135912614	0.120472135	0.095171182	0.120590244	0.136556059	0.097639733	0.076979444	0.083995183	0.125599594	0.112338006	0.079560611	0.076729765	0.08594217	0.092779564	0.094576845	0.097052766	0.099830503	0.096624473	0.08060749	0.081153231	0.084233304	0.098043589	0.115325839	0.137476616	0.079191418	0.087397722	0.101465267	0.089312076	0.094576845	0.085760073	0.122649131	0.084148907	0.111993577	0.124464185	0.098281849	0.073108894	0.103311846	0.093705106	0.089086656	0.076865178	0.107450815	0.090158025
0.095011197	0.122797471	0.094593038	0.092528123	0.098474637	0.12390821	0.081995442	0.077345768	0.130619889	0.143411551	0.117786503	0.082228985	0.088065515	0.073859862	0.126968133	0.069030549	0.110751557	0.094821828	0.090792292	0.101437617	0.076189897	0.073094827	0.118958299	0.075561153	0.084951896	0.112337428	0.094834106	0.074321336	0.067391145	1	0.067847165	0.103843126	0.117545319	0.109957629	0.117403265	0.106842273	0.1186122	0.085921309	0.103110066	0.130660727	0.125000399	0.103616102	0.117976528	0.140631689	0.091304132	0.067533433	0.077724895	0.059412431	0.090076604	0.101010423	0.092848838	0.130482763	0.113043211	0.104247974	0.105304894	0.087193533	0.088917221	0.117539714	0.110563229	0.16789748	0.10756932	0.13813146	0.135171608	0.138279474	0.113602412	0.080150226	0.097502742	0.096539625	0.095705831	0.084984169	0.081636109	0.095734311	0.124528433	0.108151941	0.086436618	0.125404018	0.073325433	0.108661423	0.088608731	0.085293768	0.078313177	0.104367162	0.107013403	0.104215965	0.110003094	0.104723571	0.100951039	0.094073528	0.111334138	0.114718924	0.120126021	0.097030633	0.111965087	0.107902165	0.104465465
0.05809979	0.078819159	0.074120557	0.074188651	0.087236011	0.09595335	0.090667767	0.072368421	0.071745503	0.069264657	0.081410566	0.102884022	0.080285555	0.079577574	0.139647053	0.080095518	0.106540325	0.118793334	0.08417138	0.069945731	0.058934962	0.072190539	0.097407083	0.074227281	0.065033248	0.082302986	0.062877228	0.064504677	0.074950291	0.067847165	1	0.299938794	0.082051594	0.098724813	0.085889494	0.082988623	0.062537647	0.085960395	0.08203726	0.067903506	0.070739461	0.058245565	0.070983195	0.067524507	0.08900347	0.085754504	0.098519777	0.115221104	0.068197088	0.068018713	0.07299964	0.066717746	0.084319077	0.050184692	0.089710075	0.088417359	0.100362499	0.099849833	0.066486841	0.090447462	0.06898606	0.063781983	0.097090429	0.08102644	0.061198356	0.060186743	0.070033813	0.064656757	0.06444669	0.058498613	0.095494871	0.052830565	0.062977074	0.065367293	0.087806337	0.073093332	0.073553374	0.093658581	0.106378847	0.076994459	0.090402464	0.053412104	0.074119904	0.086764625	0.072727421	0.071132293	0.069920974	0.08268519	0.088660798	0.08598237	0.079646359	0.068953275	0.06305797	0.122962222	0.054903633
0.081086017	0.089377165	0.116914557	0.132121574	0.138202142	0.105288806	0.121131331	0.103550298	0.107832773	0.125792438	0.115011713	0.116333191	0.132704753	0.106433586	0.16241343	0.102468661	0.130104848	0.133462532	0.098158247	0.09609332	0.087392338	0.12644827	0.100169702	0.144251979	0.090202321	0.104448149	0.142904252	0.086920586	0.089620921	0.103843126	0.299938794	1	0.082773677	0.134626121	0.116964316	0.080639308	0.137244072	0.119776955	0.10018221	0.102473162	0.111858239	0.09483771	0.084667325	0.072403495	0.091527749	0.112126191	0.12031032	0.125071676	0.121718205	0.0908156	0.085843963	0.0834142	0.120130171	0.105059161	0.111700173	0.110222902	0.154129257	0.101116462	0.090213733	0.117355861	0.110079289	0.095197963	0.10099967	0.087244312	0.093146937	0.119302416	0.118417636	0.105276665	0.104934625	0.0848965	0.130937676	0.102405708	0.098083402	0.085609624	0.132138678	0.135242529	0.102019894	0.105901785	0.095487677	0.105145169	0.100584502	0.089256303	0.06928209	0.101800066	0.100874282	0.083869935	0.126497853	0.134631265	0.09765596	0.115937387	0.101315095	0.11770496	0.073657044	0.143788551	0.080456621
0.123206444	0.132226891	0.094671399	0.123044455	0.116502271	0.148882437	0.144658442	0.121739593	0.146452195	0.112135398	0.108090836	0.109835133	0.10685904	0.09362282	0.130392393	0.108192503	0.103989454	0.110151637	0.079102986	0.093339307	0.07190487	0.094750168	0.131353462	0.09640534	0.121956533	0.106322326	0.121464967	0.074629614	0.084300597	0.117545319	0.082051594	0.082773677	1	0.09937235	0.143849912	0.096352763	0.187433599	0.165384271	0.174117201	0.159632285	0.16846502	0.133244541	0.150047461	0.155727231	0.095731187	0.101456125	0.103673513	0.09996657	0.102406554	0.082987695	0.09071413	0.113379159	0.105732952	0.103506021	0.131987089	0.101133283	0.111317661	0.108453019	0.099708405	0.129319187	0.102684872	0.097273227	0.108585829	0.124369808	0.108753194	0.076624834	0.088732656	0.08574551	0.078629572	0.09464613	0.085849896	0.098220294	0.120265881	0.130031695	0.123361832	0.081071903	0.122977555	0.126966854	0.126461859	0.128786992	0.13787184	0.08574551	0.112202151	0.096518544	0.119953405	0.079304892	0.069510702	0.076474948	0.119307922	0.104904642	0.103247646	0.104481459	0.098677799	0.13229275	0.11387681
0.053712521	0.102172649	0.109488664	0.156556073	0.101497813	0.1250124	0.115779791	0.112916505	0.076864837	0.182144387	0.09903538	0.125441492	0.143752017	0.117549606	0.156365698	0.177069615	0.134895577	0.098267653	0.124815498	0.10885683	0.120813739	0.138490518	0.077893618	0.171796068	0.109788758	0.122597146	0.126051912	0.15020197	0.112691363	0.109957629	0.098724813	0.134626121	0.09937235	1	0.175315951	0.090387691	0.140002559	0.154885396	0.106756435	0.109042395	0.143536004	0.158420283	0.084998127	0.101482898	0.073150534	0.107480954	0.110187348	0.090773952	0.092989563	0.071193858	0.118673221	0.104587338	0.10873728	0.100858941	0.106904497	0.123610643	0.159804615	0.090450006	0.095873979	0.14553541	0.111803399	0.13010896	0.093336221	0.0860443	0.103314716	0.134739608	0.190988028	0.123390539	0.143614066	0.118079051	0.131516601	0.197488287	0.069337525	0.079166061	0.179677767	0.211268474	0.13566983	0.144937726	0.103608556	0.178200589	0.134811616	0.059322375	0.0741504	0.137859337	0.086399346	0.126296432	0.131155766	0.182365839	0.092447345	0.092989888	0.138660358	0.183997413	0.097197226	0.139647501	0.1019568
0.093089195	0.090204557	0.174426019	0.152298656	0.105773487	0.125887966	0.131612652	0.134690343	0.097267719	0.170735192	0.13555364	0.119053865	0.149425519	0.106251278	0.115678527	0.169071526	0.134285612	0.128158349	0.145796612	0.127245137	0.145013405	0.129685907	0.0999386	0.17263907	0.124780544	0.115061529	0.113336717	0.134237888	0.098822058	0.117403265	0.085889494	0.116964316	0.143849912	0.175315951	1	0.108661055	0.172082028	0.166863106	0.129616925	0.180443804	0.194713767	0.175412226	0.159576569	0.144253007	0.107578443	0.129071218	0.123650177	0.128543711	0.109267384	0.123512464	0.115518196	0.118350403	0.150109456	0.117420319	0.081732307	0.119529758	0.14618523	0.101452219	0.099129456	0.098121284	0.094320212	0.146193298	0.120992003	0.114467547	0.126475204	0.103420871	0.130911946	0.130619735	0.125286842	0.107311998	0.1328725	0.201539733	0.089204742	0.089554649	0.153475529	0.149052005	0.176046611	0.143115199	0.117999224	0.144586497	0.09978245	0.081074318	0.099697314	0.106306995	0.105017275	0.132310298	0.131392558	0.16524468	0.123949902	0.100452543	0.132928899	0.178191887	0.137639619	0.155222912	0.112892547
