1	0.029542903	0.002513992	0.002489959	0.005022574	0.004462674	0.002476902	0.00702372	0.017342851	0.002898746	0.002489959	0.006026311	0.013323484	0.002985554	0.009153534	0.010830607	0.004622391	0	0	0.002372488	0.002433998	0.00968719	0.00798443	0.005316536	0.020354653	0.002564221	0.005422085	0.007279967	0.019815218	0.008515171	0.006083075	0.015368104	0.013732303	0.005316536	0.005163289	0.141338274	0.003091936	0.007322827	0.009127492	0	0.003099524	0.001811148	0.005350306	0.00179417	0.002451393	0.002728191	0.0078436	0	0	0.008515171	0.008526892	0.007477787	0.009866413	0.007582942	0.011011014	0.00574021	0.002561351	0.010279957	0.008562347	0.023256698	0.008671426	0.019471582	0.016689928	0.018977299	0.025269337	0.036113898	0.028306245	0.038812196	0.016689928	0.005303771	0.002763486	0.002819094	0.028904752	0.011730205	0.002854116	0.007861947	0	0.008194978	0.00574021	0.011039577	0	0	0.014577507	0.008163877	0.005645844	0.005291098	0.005622971	0	0.005435726	0.013817428	0.01043384	0.010099593	0.002878201	0.01450181	0.008771967
0.029542903	1	0	0.012542087	0	0.006743634	0.002495263	0.004717191	0.008735707	0.020441638	0.017558921	0.012141968	0.00805335	0.015038427	0.006147593	0.010910895	0.002328328	0.015212168	0.002521781	0.009560299	0.007356124	0.007319251	0.002681206	0.005355947	0.002563193	0.012916146	0.021849118	0.004889289	0.004990527	0.014297157	0.009192253	0	0.0059289	0.013389869	0.001733855	0.034172643	0.006229713	0.003688556	0.007356124	0.008988155	0.00156125	0.005473724	0.008983279	0.007229881	0.00493913	0.002748415	0.002633915	0.0082348	0.005626864	0.014297157	0	0.007533219	0.019879105	0.005092769	0.00277316	0.005782763	0.01290169	0.002589041	0.025877458	0.002928638	0.020383316	0.002802275	0.014011375	0.00273114	0.008485553	0.025187269	0.017109648	0.009023056	0.0112091	0.008014632	0.005567943	0.014199962	0.011647609	0.005908581	0.002875273	0.007920228	0.002871288	0.002751909	0.005782763	0.002780353	0.006309933	0.01468557	0.017622684	0.010965862	0.002843848	0.005330321	0.01982629	0.00882414	0.016428063	0.02227177	0.007883389	0.007630846	0.002899538	0.009739541	0.005891329
0.002513992	0	1	0.021345702	0.004305708	0.013390025	0.023357144	0.006021232	0.022301289	0.024850109	0.00213457	0.015498548	0.01827494	0.017916002	0.00784706	0.044566881	0.011887926	0.006472496	0.03433508	0.014237056	0.029212347	0.018685233	0.006844821	0.020509708	0.015268274	0.015387626	0.009296395	0.010401509	0.014863637	0.00729981	0.005214845	0.006587316	0.003363516	0.009115426	0.020656248	0.014539827	0.019879707	0.015694121	0.006259789	0.006118869	0.014614227	0.017079098	0.009173325	0.003076181	0.010507541	0.002338799	0.011206819	0.018686693	0.004788253	0.024332701	0.004873239	0.008547321	0.010572739	0.004333758	0.014159137	0.007381375	0.019761948	0.013219066	0.009787004	0.014952972	0.007433763	0.019077058	0	0.009296395	0.009627855	0.00952597	0.009706451	0.007678287	0.016692425	0.006820155	0.009476226	0.024167283	0.017345447	0.007541975	0.019574007	0.031452495	0.012216799	0.016392409	0.004920917	0.002365978	0.045640914	0.017495627	0.00499875	0.009331542	0.004840019	0.009071811	0.014461232	0.012515027	0.009319782	0.011845282	0.013416945	0.010822612	0.012336995	0.016575977	0.005013303
0.002489959	0.012542087	0.021345702	1	0.134333244	0.197035791	0.168246279	0.22860745	0.002454233	0.012306278	0.012684989	0.007675195	0	0.005069924	0.018134776	0.01839202	0.025510949	0.012821245	0.019128857	0.046331718	0.014466547	0.006168871	0.013558777	0.013542431	0.012961987	0.008708874	0.009207526	0.018543737	0.012618471	0.007230028	0.002582497	0.006524345	0.01165977	0.029341934	0.011690735	0.002400139	0.022314958	0.007772047	0.009299923	0.01818113	0.018422121	0.015378029	0.009085634	0.009140322	0.031221285	0.011582207	0.015539564	0.013881044	0.00711372	0.014460056	0.00723998	0.004232807	0.004188668	0.002146165	0.004674594	0.017058564	0.008699127	0.00654635	0.002423361	0.012341692	0.009816934	0.007085509	0	0.004603763	0.004767909	0.018869814	0.007210247	0.007604886	0.007085509	0.011258263	0.011732048	0.026329883	0.004908467	0.007469878	0.01696353	0.013350783	0.014520015	0.002319387	0.002436938	0.007030081	0.01063638	0.002475483	0.00990193	0.018484675	0	0.013477634	0.002387165	0.002479078	0.013846035	0.00234641	0.026577372	0.017150647	0.004887624	0.00615657	0.017378825
0.005022574	0	0.004305708	0.134333244	1	0.137577804	0.303316204	0.124304921	0.012376276	0.004964675	0	0.007740937	0.00684573	0.010226701	0.007838618	0.018549556	0.019791894	0.019396597	0.008574535	0.014221739	0.006253054	0.002073903	0.015954066	0.011382024	0.002178835	0.008783469	0.009286393	0.008312255	0.012726554	0	0.007813851	0.013160458	0.015119539	0.009105619	0.004421577	0.004841395	0.00661944	0.006270894	0.007816317	0.007640358	0.010617094	0.004652925	0.007636214	0.007682178	0.014694731	0.007008848	0	0.006999971	0.007174652	0.007291957	0.007301994	0.010672656	0.010561364	0.012987287	0.004714635	0.014746867	0.008773639	0.013204844	0.009776474	0.002489481	0.00495051	0.002382067	0.0071462	0.004643197	0.002404374	0.004757861	0.007272006	0.005113351	0.004764133	0.024980331	0.002366508	0.007242385	0.00495051	0.005022574	0.014664712	0.00448838	0.012203655	0.009357013	0.012289056	0.007090297	0.018773099	0.009986745	0.002496686	0.002330376	0.012087031	0.006796538	0.012038062	0.007500938	0.011637194	0.009466031	0.004467503	0.002162194	0.009858978	0.008279072	0.025039547
0.004462674	0.006743634	0.013390025	0.197035791	0.137577804	1	0.1507712	0.249398305	0.008797288	0.006616844	0.015156599	0.006878003	0.00202753	0.009086662	0.006964795	0.011537199	0.022861227	0.015319403	0.011428012	0.010831154	0.007407979	0.003685423	0.01822572	0.010113193	0.007743784	0.009755397	0.004125588	0.005539224	0.00753856	0.010798456	0.002314263	0.003897791	0.017912084	0.012135832	0.010476464	0.006452538	0.011763053	0.011143672	0.018056949	0.012219545	0.008254344	0.015158851	0.013569908	0.013651588	0.018652302	0.008303367	0.003978723	0.006219637	0.010624743	0.004319382	0.004325328	0.015172647	0.007507214	0.013462758	0.008378125	0.006551468	0.007795583	0.019554687	0.006514969	0.011059809	0.015395253	0.004233044	0.004233044	0.012376765	0.002136343	0.006341205	0.006461347	0.004543331	0.008466087	0.010088912	0.006308092	0.008580037	0	0.002231337	0.006514969	0.01196409	0.013011879	0	0.004367645	0.004199929	0.00476581	0.004436728	0.008873456	0.004141186	0.002147922	0.008051844	0.008556879	0.004443172	0.008271935	0.008410789	0.013893183	0.011526957	0.008759932	0.01287326	0.013348933
0.002476902	0.002495263	0.023357144	0.168246279	0.303316204	0.1507712	1	0.136445197	0.004882728	0.012241745	0.002103078	0.007634947	0.004501332	0.012608346	0.002577097	0.012806902	0.021472992	0.019131017	0.010571415	0.012023155	0.016446498	0.014318552	0.02247946	0.01122618	0.006447008	0.01516061	0.016028676	0.012297664	0.010460251	0.002397372	0.005137909	0.002163377	0.014912521	0.008980944	0.007268394	0	0.015669135	0.009277549	0.010793014	0.012057193	0.010471724	0.010708172	0.010544321	0.01060779	0.018634539	0.009217177	0.004416593	0.034520634	0.018870444	0.009589486	0.007202015	0.010526526	0.008333406	0.008539643	0.002325041	0.016969111	0.00865351	0.015194717	0.004821307	0.007366184	0.004882728	0.011747256	0.004698903	0.004579622	0.002371453	0.014078147	0.004781625	0.002521669	0.004698903	0.029117989	0.002334105	0.004762148	0.004882728	0.007430707	0.012053268	0.015494236	0.016851187	0.01153612	0.007272476	0.013986432	0.015870906	0.004925003	0.004925003	0.006895404	0.002384307	0.004468986	0.021371825	0.009864312	0.011477857	0.004668211	0.002203167	0.004265178	0.002430997	0.006124286	0.024696704
0.00702372	0.004717191	0.006021232	0.22860745	0.124304921	0.249398305	0.136445197	1	0.006922944	0.011571253	0.011927345	0.004811183	0.008509579	0.00953422	0.021923523	0.010376105	0.014761379	0.010046218	0.01199089	0.009470529	0.015545708	0.007733892	0.021248239	0.014855836	0.020312997	0.01228307	0.008657583	0.007749406	0.0177972	0.004532131	0.00242825	0.004089774	0.014095748	0.012733574	0.001374059	0.011283922	0.007405461	0.010230977	0.00728705	0.011396809	0.006186361	0.013013582	0.015662112	0.012891588	0.025442311	0.004356172	0.014611423	0.015227289	0.01560728	0.013596392	0.029499398	0.003979991	0.003938489	0.004035959	0.013186176	0.006874156	0.006134661	0.014362488	0.00455724	0.009283642	0.013845888	0.008883078	0.00222077	0.002164396	0.004483133	0.011089228	0.009039461	0.002383555	0.00222077	0.012703001	0.006618792	0.006751981	0.002307648	0	0.00455724	0.006276686	0.009101846	0.002180855	0.00458277	0.006610191	0.012501367	0.006982884	0.004655256	0.013035472	0.002253716	0.004224216	0.011222928	0.002331009	0.010849204	0.004412528	0.016659979	0.016126279	0.006893547	0.005788853	0.014006425
0.017342851	0.008735707	0.022301289	0.002454233	0.012376276	0.008797288	0.004882728	0.006922944	1	0.011428618	0.022088101	0.008909769	0.007879391	0.014713585	0.0060148	0.008540168	0.01594624	0.017364168	0.009869235	0.014030684	0.00479815	0.026257545	0.007869869	0.020961018	0.015046954	0.012637146	0.002672145	0.004783676	0.014648183	0.022381322	0.011991591	0.012623003	0.019336103	0.005240255	0.008482011	0.002786207	0.001523787	0.010826639	0.007197225	0.007035203	0.00763763	0.010710973	0.003515693	0.008842137	0.00241622	0.00806714	0.00515404	0.013428203	0.019268618	0.013988326	0.005603032	0.002456832	0.00972485	0.002491381	0.005426514	0.002828925	0.017672204	0.015198692	0.00562633	0.040115272	0.008547009	0	0.013708718	0.013360724	0.002767419	0.016428802	0.005580022	0.011770868	0.008225231	0.010455346	0.00544767	0.011114585	0.017094017	0	0.002813165	0.015498289	0.002809266	0.021539725	0.00565785	0.008160886	0.021607717	0.00862101	0.01436835	0.018775732	0.036171447	0.03389868	0.036024905	0.025900594	0.008036602	0.00544767	0.017997237	0.012443356	0.019858336	0.011911449	0.005764072
0.002898746	0.020441638	0.024850109	0.012306278	0.004964675	0.006616844	0.012241745	0.011571253	0.011428618	1	0.0221513	0.020848944	0.018437851	0.014755684	0.018096028	0.019270358	0.015991866	0.014926158	0.009897474	0.011725691	0.024059394	0.009575518	0.005261591	0.028903865	0.007545003	0.012673304	0.008039371	0.011993408	0.007345047	0.02525103	0.009019426	0.015190944	0.005817429	0.018393369	0.011908793	0	0.009168879	0.018096028	0.009022273	0.008819165	0.013787069	0.01432216	0.005288629	0.007093949	0.009692535	0.021573925	0.010337574	0.010773299	0.016563214	0.00841701	0.002809532	0.009855446	0.007314506	0.009994037	0.021768164	0.014185096	0.010127296	0.022863268	0.005642428	0.034482901	0.014285773	0.027495884	0.021996707	0.024118114	0.008326013	0.016475809	0.011191975	0.032462504	0.013747942	0.031455783	0.04370606	0.066878318	0.011428618	0.008696237	0.011284856	0.051808778	0.028173038	0.010800678	0.005674039	0.005456158	0.015478244	0.017291353	0.002881892	0.024209298	0.013951901	0.026150517	0.041686131	0.020202546	0.024178789	0.002731629	0.015470342	0.027453711	0.008535067	0.014334636	0.011561128
0.002489959	0.017558921	0.00213457	0.012684989	0	0.015156599	0.002103078	0.011927345	0.022088101	0.0221513	1	0.023025585	0.022625303	0.020279697	0.02331614	0.023909625	0.025510949	0.019231867	0.002125429	0.006043268	0.012399897	0.012337742	0.015818573	0.013542431	0.015122318	0.023949403	0.01381129	0.012362492	0.008412314	0.007230028	0.005164994	0.010873908	0.004997044	0.004514144	0.007306709	0.004800278	0.007875867	0.004663228	0.004649961	0.009090565	0.010526926	0.006151212	0.010599906	0.007616935	0.010407095	0.018531531	0.006659813	0.011567537	0.02845488	0.012050047	0.016893287	0.014814823	0.023037672	0.006438495	0.009349189	0.009747751	0.017398254	0.00654635	0.007270084	0.01481003	0.017179634	0.016532855	0.004723673	0.011509408	0.019071636	0.021228541	0.019227325	0.012674811	0.014171019	0.015761569	0.004692819	0.019149006	0.0073627	0.009959837	0.012116807	0.006675392	0.014520015	0.002319387	0.024369377	0.009373441	0.007977285	0.012377413	0.00990193	0.006931753	0.004793751	0.006738817	0.016710156	0.009916312	0.029999743	0.009385638	0.013288686	0.019294478	0.007331436	0.01026095	0.007448068
0.006026311	0.012141968	0.015498548	0.007675195	0.007740937	0.006878003	0.007634947	0.004811183	0.008909769	0.020848944	0.023025585	1	0.084876098	0.088960822	0.128536751	0.013353957	0.011873604	0.015515276	0.015432172	0.012188489	0.012504495	0.022395267	0.02187704	0.019119333	0.015685591	0.03161641	0.025070027	0.014960128	0.022904842	0.005832813	0.012500549	0.01315876	0.006047035	0.010925333	0.005305208	0	0.001588461	0.011286154	0.005627023	0.007333798	0.003184717	0.027913946	0.007329819	0.005530454	0.005037544	0.016819066	0.018804775	0.013998136	0.002869491	0.014582032	0.011681683	0.005122214	0.015206402	0.012985611	0.025455742	0.011795972	0.015790513	0.015843769	0.017595384	0.011947966	0.017819538	0.02286489	0.011432445	0.011142234	0.005769754	0.005708696	0.005816854	0.009202844	0.011432445	0.005449551	0.008518328	0	0.014849615	0.009039467	0.008797692	0.037697525	0.014642497	0.008420225	0.017693958	0.008507258	0.016089152	0.005991274	0.002995637	0.01118436	0.005801026	0.010873058	0.023110097	0.017999928	0.025133096	0.0198761	0.010720625	0.010377191	0.002957312	0.027317413	0
0.013323484	0.00805335	0.01827494	0	0.00684573	0.00202753	0.004501332	0.008509579	0.007879391	0.018437851	0.022625303	0.084876098	1	0.165484324	0.072084692	0.015746171	0.018900849	0.016007832	0.01592209	0.023713671	0.017693443	0.022005942	0.031438959	0.016908262	0.002311936	0.027960105	0.017243943	0.017640069	0.015754661	0.010316545	0.013818641	0.020946609	0.008912868	0.01207733	0.014075048	0.00770572	0.007023809	0.01164445	0.004976281	0.01134993	0.009857464	0.013165768	0.016205391	0.009781761	0.013364918	0.017353013	0.026132985	0.002475862	0.010150584	0.015474817	0.005165373	0.01585448	0.015689153	0.022967759	0.01750925	0.002607954	0.016291807	0.025687756	0.00518685	0.01849091	0.02101171	0.022748244	0.010110331	0.012317102	0	0.007572764	0.012860399	0.010851431	0.015165496	0.019277332	0.010044293	0.010246411	0.002626464	0.002664697	0.012967126	0.014287699	0.002589831	0.007446462	0.020863634	0.00752343	0.028457017	0.007947612	0.005298408	0.012363669	0.015390485	0.004807817	0.007664067	0.018571364	0.014817706	0.002511073	0	0.013765669	0.002615311	0.006588619	0
0.002985554	0.015038427	0.017916002	0.005069924	0.010226701	0.009086662	0.012608346	0.00953422	0.014713585	0.014755684	0.020279697	0.088960822	0.165484324	1	0.065232807	0.013231628	0.023529672	0.020497531	0.012742338	0.021738306	0.024779894	0.032052389	0.027095794	0.029769442	0.020722538	0.020884525	0.016560249	0.024705143	0.020173353	0.014448453	0.009289529	0.010430576	0.013980497	0.013531564	0.001752203	0	0.006295638	0.007455178	0.00929246	0.007266616	0.006311088	0.022126593	0.01270968	0.00730639	0.012478493	0.030552491	0.007985363	0.002773981	0.002843205	0.008669072	0.014468341	0.007612938	0.022600656	0.007719994	0.008407518	0.005843957	0.026076439	0.015698632	0.017434201	0.020717405	0.011770868	0.014159648	0.005663859	0.011040166	0.00285845	0.008484603	0.002881785	0.006079027	0.016991577	0.01079926	0.011253728	0.020090322	0.005885434	0.017913321	0.008717101	0.01334007	0.002901673	0.011124123	0.002921979	0.008429328	0.00956506	0.005936391	0	0.002770476	0.014369715	0.01346682	0.025760697	0.020807546	0.01660191	0.016880593	0.005311209	0.015423196	0	0.007381956	0.002976837
0.009153534	0.006147593	0.00784706	0.018134776	0.007838618	0.006964795	0.002577097	0.021923523	0.0060148	0.018096028	0.02331614	0.128536751	0.072084692	0.065232807	1	0.013522468	0.021642183	0.01309255	0.020835877	0.009873835	0.020259658	0.027717395	0.022153102	0.016594796	0.01323627	0.026679476	0.022565672	0.012624089	0.020616776	0.017719248	0.02215201	0.01598977	0.008164456	0.019360596	0.010744306	0.005882226	0.004825515	0.00952381	0.003798686	0.009282927	0.011287166	0.00753765	0.001855578	0.009333737	0.007651667	0.008515651	0.016321773	0.01133982	0.008717101	0.032485288	0.011829092	0.018153976	0.015398289	0.028928843	0.020048749	0.008958617	0.01598977	0.024065548	0.008908708	0.030246838	0.015036999	0.034730126	0.011576709	0.011282836	0.005842561	0.002890367	0.005890256	0.009318972	0.005788354	0.008277476	0	0.008799395	0.009022199	0.006102356	0.008908708	0.019086611	0.005930907	0.00284216	0.023889646	0.002871537	0.003258436	0.003033438	0	0.00849412	0.008811342	0.019267961	0.014626074	0.02126491	0.01131122	0.011501093	0.010855906	0.007881104	0.005989259	0.015088432	0.009126808
0.010830607	0.010910895	0.044566881	0.01839202	0.018549556	0.011537199	0.012806902	0.010376105	0.008540168	0.019270358	0.023909625	0.013353957	0.015746171	0.013231628	0.013522468	1	0.187787424	0.120832247	0.02773501	0.022781614	0.073712518	0.016099689	0.027522498	0.037306933	0.022552367	0.037881098	0.03003757	0.051980843	0.032932033	0.004193139	0.004493248	0.009459675	0.005796188	0.029452842	0.022883102	0.010439915	0.012561179	0.018931455	0.005393599	0.011862403	0.030907646	0.018729202	0.011855969	0.011927332	0.032592869	0.024182051	0.0212434	0.012075711	0.018565582	0.012579418	0.016795644	0.018411492	0.029151201	0.011202241	0.026433086	0.040279919	0.022703221	0.017084844	0.012649111	0.0171785	0.034160673	0.022601282	0.02054662	0.006007514	0.00622171	0.004103913	0.0062725	0.008821086	0.006163986	0.005876425	0.010206207	0.012493901	0.004270084	0.002166121	0.010540926	0.025164564	0.014736842	0.012106399	0	0.020385888	0.004626519	0.012921166	0.006460583	0.018090681	0.006255432	0.029311918	0.035303841	0.006469966	0.01606034	0.016329932	0.015413858	0.024245125	0.006377928	0.012497012	0.008639188
0.004622391	0.002328328	0.011887926	0.025510949	0.019791894	0.022861227	0.021472992	0.014761379	0.01594624	0.015991866	0.025510949	0.011873604	0.018900849	0.023529672	0.021642183	0.187787424	1	0.160660218	0.011837014	0.013088594	0.069057957	0.036264561	0.02936579	0.023045305	0.034088952	0.06062722	0.044869029	0.047812248	0.023425082	0.015658897	0.004794178	0.016149164	0.007730478	0.010475139	0.006782132	0.008911294	0.006092023	0.014428122	0.014387074	0.008437917	0.01587813	0.00713699	0.001405557	0.005656068	0.021251843	0.023651484	0.047392871	0.038653407	0.035215989	0.029080809	0.029120838	0.029466875	0.0291596	0.029881249	0.030372908	0.020357823	0.028261038	0.036458169	0.008997515	0.036658026	0.018224275	0.008769084	0.017538167	0.025639445	0.004425602	0.015325691	0.00446173	0.004705934	0.013153626	0.010449988	0.034847225	0.004443556	0.006834103	0.002311195	0.013496272	0.026849935	0.006738783	0.002152869	0.006785941	0.013050727	0.004936376	0.006893274	0.013786548	0.017157587	0.013348767	0.018765033	0.01772625	0.013806572	0.014993969	0.008711806	0.014390412	0.009949584	0.002268361	0.026667973	0.006913342
0	0.015212168	0.006472496	0.012821245	0.019396597	0.015319403	0.019131017	0.010046218	0.017364168	0.014926158	0.019231867	0.015515276	0.016007832	0.020497531	0.01309255	0.120832247	0.160660218	1	0.010741293	0.018324543	0.018799635	0.035332423	0.018272557	0.036501057	0.024018899	0.044012098	0.046532143	0.018742924	0.01487968	0.004871793	0.010440946	0.024179562	0.00505072	0.009125264	0.007385194	0.00242592	0.006633721	0.00785553	0.010966454	0.001531368	0.009310001	0.009325927	0.006122151	0.006159001	0.018933988	0.03511985	0.029169179	0.049105513	0.038347368	0.017051275	0.03658874	0.021391365	0.03386928	0.026030614	0.018899226	0.049262279	0.028575846	0.041905557	0.009797567	0.029938223	0.024805955	0.014323236	0.026259266	0.018612857	0.002409562	0.004768126	0.004858464	0.002562191	0.009548824	0.011379193	0.023716134	0.00725801	0.012402977	0.02013364	0.014696351	0.01349419	0.009783988	0.0046886	0	0.004737063	0.01075063	0.012510364	0.007506219	0.009341614	0.019380973	0.009081602	0.028953682	0.007517121	0.011662301	0.009486454	0.008954284	0.013001152	0.019760497	0	0.007528071
0	0.002521781	0.03433508	0.019128857	0.008574535	0.011428012	0.010571415	0.01199089	0.009869235	0.009897474	0.002125429	0.015432172	0.01592209	0.012742338	0.020835877	0.02773501	0.011837014	0.010741293	1	0.210616092	0.234775577	0.022739701	0.015902849	0.011345484	0.015202885	0.024076998	0.027769744	0.031070888	0.027485679	0.004845698	0.002596256	0.006559105	0.003349111	0.015883678	0.022036912	0.009651705	0.010557103	0.010938835	0.00311649	0.004569498	0.023811774	0.009275975	0.00456702	0.003063006	0.006277525	0.020959044	0.040171767	0.006977499	0.021454859	0.014537095	0.014557105	0.027659825	0.016843934	0.030206386	0.016448247	0.022049289	0.030609155	0.008774969	0	0.007444467	0.004934618	0.033241874	0.016620937	0.009256581	0.011983277	0.004742587	0.014497322	0.005096935	0.00237442	0.013581893	0.011794552	0.016844648	0.004934618	0.012516125	0.007308817	0.015658897	0.014597374	0.011658718	0.002449921	0.011779225	0.008019785	0.009954685	0.004977342	0.009291578	0.009638582	0.015807679	0.0143993	0.007476858	0.011599835	0	0.004453161	0.006465758	0.007370496	0.010315617	0.004991833
0.002372488	0.009560299	0.014237056	0.046331718	0.014221739	0.010831154	0.012023155	0.009470529	0.014030684	0.011725691	0.006043268	0.012188489	0.023713671	0.021738306	0.009873835	0.022781614	0.013088594	0.018324543	0.210616092	1	0.21660637	0.01175567	0.010765916	0.021505874	0.018525697	0.020745013	0.024126114	0.025521713	0.028054028	0.009185239	0.004921319	0.006216539	0.004761293	0.006451762	0.009746789	0.00457381	0.043775075	0.011848602	0.010338031	0.007218074	0.023821928	0.005861009	0.007214159	0.010160615	0.003966443	0.017657248	0.044419308	0.022043603	0.015815585	0.016074167	0.025294175	0.03024833	0.029932906	0.028628779	0.017816223	0.025541643	0.024866154	0.006237505	0.006927095	0.002351887	0.016369131	0.011252047	0.006751228	0.004386566	0.006814452	0.008989786	0.011450135	0.002415367	0.018003275	0.008581696	0.00223571	0.006842097	0.011692236	0.007117463	0.011545158	0.010600765	0.011529157	0.008839849	0.006965903	0.011164024	0.025336437	0.007076082	0.002358694	0.008806301	0.006851387	0.034244759	0.011372716	0.00472424	0.013192805	0.006707131	0.029544085	0.006128067	0.004657035	0.0136876	0.004731121
0.002433998	0.007356124	0.029212347	0.014466547	0.006253054	0.007407979	0.016446498	0.015545708	0.00479815	0.024059394	0.012399897	0.012504495	0.017693443	0.024779894	0.020259658	0.073712518	0.069057957	0.018799635	0.234775577	0.21660637	1	0.038191437	0.013254046	0.030888825	0.021117782	0.038309146	0.042752799	0.0765361	0.039060433	0.00942338	0.010097823	0.004251808	0.004884737	0.013238068	0.015713484	0.004692393	0.007698859	0.01063632	0.006060606	0.008886256	0.023153256	0.007516205	0.008881436	0.005956597	0.006103919	0.018115039	0.043400901	0.020353606	0.025497416	0.016490915	0.018872702	0.026894889	0.018425377	0.027273094	0.020562903	0.028586017	0.038266271	0.017064592	0.004737794	0.004825726	0.019192601	0.036940075	0.009235019	0.011250737	0.011651878	0.011528574	0.018795195	0.017345926	0.009235019	0.013206284	0.022936745	0.018718636	0.011995375	0.004867996	0.007106691	0.043502424	0.011828068	0	0.002382168	0.01832555	0.010397329	0.012099233	0.002419847	0.006775964	0.007029019	0.019762091	0.025668656	0.01696353	0.018046465	0.004587349	0.008660017	0.01676519	0.004777776	0.00802427	0.004853783
0.00968719	0.007319251	0.018685233	0.006168871	0.002073903	0.003685423	0.014318552	0.007733892	0.026257545	0.009575518	0.012337742	0.022395267	0.022005942	0.032052389	0.027717395	0.016099689	0.036264561	0.035332423	0.022739701	0.01175567	0.038191437	1	0.138469899	0.149279394	0.03782147	0.035999502	0.035821893	0.028056169	0.030682611	0.011720181	0.005023604	0.014806734	0.006480336	0.019757567	0.012792043	0.004668872	0.020427381	0.016630437	0.006030227	0.007368094	0.025596888	0.017948472	0.008836917	0.007408424	0.008097763	0.027036355	0.045342519	0.045003516	0.04612656	0.023440362	0.018778101	0.014409272	0.004074004	0.025048972	0.02045983	0.023702273	0.042304954	0.040325254	0.004714045	0.026408452	0.011935248	0.022971819	0.002297182	0.017910947	0	0.006882472	0.021038606	0.009862273	0.009188728	0.004380029	0.013693064	0.002328101	0.00238705	0.007265392	0.002357023	0.023806401	0.009415023	0.002255894	0.007110682	0.018233692	0.007758909	0.009630868	0	0.024720662	0.013987572	0.01529347	0.032505442	0.009644856	0	0.004564355	0.012924913	0.022936586	0.009507654	0.007984048	0.012073632
0.00798443	0.002681206	0.006844821	0.013558777	0.015954066	0.01822572	0.02247946	0.021248239	0.007869869	0.005261591	0.015818573	0.02187704	0.031438959	0.027095794	0.022153102	0.027522498	0.02936579	0.018272557	0.015902849	0.010765916	0.013254046	0.138469899	1	0.098914427	0.020782282	0.044216667	0.027064878	0.01101172	0.024727406	0.012880097	0.005520777	0.009298354	0.017804195	0.007237641	0.014058039	0.002565469	0.00982145	0.00664593	0.006627023	0.009716755	0.009845551	0.011506126	0.006474323	0.00976994	0.011123973	0.004952012	0.037965679	0.02720157	0.022811215	0.018032136	0.015477391	0.020359698	0.024624589	0.013764002	0.01748809	0.018233619	0.01394753	0.020991857	0.012951456	0.015830198	0.010493159	0.010098113	0.007573585	0.009841774	0.00509634	0.007563613	0.005137943	0.002709579	0	0.009627018	0.005016077	0.007675522	0.013116449	0.002661477	0	0.007135216	0.012933505	0	0.015628816	0.002504779	0.008526788	0.015876016	0.002646003	0.007409237	0.007685943	0.009604015	0.020412813	0.005299692	0.002466633	0.012540193	0.009469372	0.016040539	0.010448602	0.006580657	0.007961117
0.005316536	0.005355947	0.020509708	0.013542431	0.011382024	0.010113193	0.01122618	0.014855836	0.020961018	0.028903865	0.013542431	0.019119333	0.016908262	0.029769442	0.016594796	0.037306933	0.023045305	0.036501057	0.011345484	0.021505874	0.030888825	0.149279394	0.098914427	1	0.01845087	0.013946325	0.036862159	0.039594402	0.02245236	0.010291656	0.002757061	0.018574288	0.010669639	0.01686747	0.020281576	0.007687129	0.012612355	0.016594796	0.006619034	0.008087534	0.009833682	0.024626259	0.016166295	0.004879081	0.0177769	0.029676254	0.028439932	0.027168777	0.022783715	0.01286457	0.023188099	0.013556769	0.006707701	0.011456174	0.014971721	0.044228262	0.025539646	0.030285017	0.005174337	0.031622228	0.015720764	0.022693363	0.027736332	0.014744863	0.010180391	0.015108989	0.020526996	0.027063129	0.017650393	0.007211559	0.027555166	0.030665074	0.015720764	0	0.025871684	0.033257534	0.01033433	0.012380828	0.005203325	0.020014077	0	0	0.002642813	0.017267378	0.023030033	0.028777309	0.035679358	0.029113165	0.004927319	0.00501003	0.002364489	0.027464916	0.002609001	0.010954539	0.00795152
0.020354653	0.002563193	0.015268274	0.012961987	0.002178835	0.007743784	0.006447008	0.020312997	0.015046954	0.007545003	0.015122318	0.015685591	0.002311936	0.020722538	0.01323627	0.022552367	0.034088952	0.024018899	0.015202885	0.018525697	0.021117782	0.03782147	0.020782282	0.01845087	1	0.042270469	0.042338645	0.010527039	0.287966355	0.002462636	0.00527778	0.008889086	0.017020543	0.009225435	0.011946021	0.02697805	0.013413083	0.012706819	0.007919168	0.010837251	0.020168998	0.010999683	0.010831372	0.014009874	0.008507481	0.016569173	0.031757791	0.040188451	0.055729457	0.044327446	0.024660256	0.021626184	0.040661274	0.019737269	0.014330016	0.02241137	0.026667259	0.0267572	0.012381397	0.032789101	0.007523477	0.02413411	0.019307288	0.007056441	0.004872024	0.009640934	0.007367695	0.002590317	0.016893877	0.009203285	0.002397647	0.009783578	0.010031303	0.005088663	0.012381397	0.00682116	0.014837084	0.004740069	0.002490152	0.01676172	0.005434321	0.002529539	0.005059078	0.030693517	0.017144508	0.018362587	0.031710807	0.012666064	0.009432257	0.009590589	0.029420877	0.021906449	0.009988707	0.004194006	0.015221417
0.002564221	0.012916146	0.015387626	0.008708874	0.008783469	0.009755397	0.01516061	0.01228307	0.012637146	0.012673304	0.023949403	0.03161641	0.027960105	0.020884525	0.026679476	0.037881098	0.06062722	0.044012098	0.024076998	0.020745013	0.038309146	0.035999502	0.044216667	0.013946325	0.042270469	1	0.229941763	0.04455918	0.04764763	0.014891318	0.005319036	0.008958572	0.010292155	0.006973162	0.007524627	0.004943443	0.013517933	0.006403074	0.006384858	0.009361685	0.006775553	0.011085668	0.007797172	0.006275284	0.01071748	0.03101186	0.020575312	0.045267616	0.053723133	0.034746408	0.022367723	0.028333806	0.025881551	0.022101728	0.019256044	0.022586559	0.024636074	0.038202344	0.012478182	0.022877594	0.022746864	0.017025936	0.012161383	0.004741067	0.004910109	0.009716297	0.004950192	0.002610566	0.004864553	0.011594033	0.00241639	0.007395042	0.007582288	0.010256882	0.009982546	0.020623442	0.012460887	0.009554243	0.002509618	0.004826499	0.016430403	0.017845185	0.005098624	0.009517984	0.017278526	0.009253064	0.03195869	0.007659045	0.014258984	0.012081948	0.015965847	0.006623307	0.005033394	0.010566976	0.007670201
0.005422085	0.021849118	0.009296395	0.009207526	0.009286393	0.004125588	0.016028676	0.008657583	0.002672145	0.008039371	0.01381129	0.025070027	0.017243943	0.016560249	0.022565672	0.03003757	0.044869029	0.046532143	0.027769744	0.024126114	0.042752799	0.035821893	0.027064878	0.036862159	0.042338645	0.229941763	1	0.058327348	0.036636973	0.010495977	0.014058984	0.014207283	0.003627155	0.012287386	0.009546567	0.007839742	0.011433554	0.006769701	0.008438052	0.006598477	0.011461612	0.006697378	0.003297449	0.008293243	0.020396054	0.037831773	0.024170459	0.047859549	0.046472083	0.041983906	0.021020848	0.023043187	0.025083187	0.018693783	0.022903433	0.023879821	0.028414567	0.035638	0.01583119	0.021500017	0.018705014	0.007714632	0.010286176	0.012531328	0.002595626	0.010272632	0.00523363	0.005520083	0.002571544	0.009806308	0.010218989	0.015636935	0.00534429	0.005422085	0.002638532	0.0072681	0.007904624	0.012626625	0.005306627	0.012757136	0.01447598	0.021562246	0.013476404	0.007547224	0.015658166	0.017120032	0.025991216	0.013495977	0.020100566	0.015328483	0.007234294	0.009336726	0.002660798	0.008937616	0
0.007279967	0.004889289	0.010401509	0.018543737	0.008312255	0.005539224	0.012297664	0.007749406	0.004783676	0.011993408	0.012362492	0.014960128	0.017640069	0.024705143	0.012624089	0.051980843	0.047812248	0.018742924	0.031070888	0.025521713	0.0765361	0.028056169	0.01101172	0.039594402	0.010527039	0.04455918	0.058327348	1	0.022545718	0.011743692	0.007550522	0.002119491	0.004870002	0.008798756	0.014241893	0.009356476	0.016630542	0.013634016	0.003021162	0.007382875	0.017953765	0.017984477	0.005903096	0.002969314	0.018256517	0.038378336	0.032452484	0.027056276	0.032353364	0.023487383	0.011759856	0.008250387	0.018369795	0.010458008	0.025056623	0.016624874	0.036031346	0.03189959	0.009447003	0.024055844	0.014351028	0.023017901	0.016112531	0.022433595	0	0.013792557	0.002342312	0.012352572	0.016112531	0.015360853	0.020580799	0.023327712	0.004783676	0.007279967	0.023617508	0.039034075	0.00943391	0.015822937	0.01187491	0.009135135	0.002591491	0.007237641	0	0.004503682	0.002335939	0.024080805	0.023264749	0.021744459	0.011245016	0.009147022	0.00647542	0.016714616	0.007145045	0.004000032	0.016936993
0.019815218	0.004990527	0.014863637	0.012618471	0.012726554	0.00753856	0.010460251	0.0177972	0.014648183	0.007345047	0.008412314	0.022904842	0.015754661	0.020173353	0.020616776	0.032932033	0.023425082	0.01487968	0.027485679	0.028054028	0.039060433	0.030682611	0.024727406	0.02245236	0.287966355	0.04764763	0.036636973	0.022545718	1	0.004794743	0.005137909	0.006490132	0.00497084	0.01122618	0.001453679	0.021487977	0.011751851	0.012370066	0.006167437	0.010550044	0.013089656	0.010708172	0.010544321	0.015153985	0.008282017	0.027651531	0.037541042	0.034520634	0.042458499	0.026371088	0.016804701	0.016842441	0.027083568	0.023484017	0.023250408	0.021817429	0.019470397	0.032560107	0.009642614	0.017187763	0.014648183	0.037591221	0.01879561	0.016028676	0.002371453	0.004692716	0.004781625	0.005043338	0.011747256	0.011199227	0.002334105	0.002381074	0.007324091	0.002476902	0.009642614	0.011067311	0.012036562	0.002307224	0.002424159	0.01165536	0.002645151	0.009850006	0.002462502	0.025283148	0.009537227	0.022344932	0.028495766	0.009864312	0.011477857	0.009336421	0.017625336	0.012795533	0	0.008165714	0.009878681
0.008515171	0.014297157	0.00729981	0.007230028	0	0.010798456	0.002397372	0.004532131	0.022381322	0.02525103	0.007230028	0.005832813	0.010316545	0.014448453	0.017719248	0.004193139	0.015658897	0.004871793	0.004845698	0.009185239	0.00942338	0.011720181	0.012880097	0.010291656	0.002462636	0.014891318	0.010495977	0.011743692	0.004794743	1	0.005887754	0.014874651	0.015190141	0.01286457	0.006663336	0.013680006	0.010474301	0.005315774	0.007067535	0.018998188	0.015000008	0.012270961	0.008630856	0.01389249	0.007118044	0.002640591	0.00759175	0.002637247	0.008109174	0.013736264	0.005502068	0.012062805	0.01432442	0.002446487	0.010657463	0.002777949	0.009916434	0.019899759	0.005524946	0.061902366	0.011190661	0.02153871	0.026923388	0.026239941	0.024457967	0.005377588	0.010958945	0.020227835	0.013461694	0.002566736	0.005349506	0.010914306	0.011190661	0.022707123	0.005524946	0.027901532	0	0.010575795	0	0.005342554	0.006062388	0.011287552	0.011287552	0.010535659	0.027322812	0.030727239	0.013606059	0.011303946	0.002630595	0.005349506	0.00504941	0.00733148	0.013928928	0.014036173	0.014150515
0.006083075	0.009192253	0.005214845	0.002582497	0.007813851	0.002314263	0.005137909	0.00242825	0.011991591	0.009019426	0.005164994	0.012500549	0.013818641	0.009289529	0.02215201	0.004493248	0.004794178	0.010440946	0.002596256	0.004921319	0.010097823	0.005023604	0.005520777	0.002757061	0.00527778	0.005319036	0.014058984	0.007550522	0.005137909	0.005887754	1	0.20986678	0.002034665	0.008271182	0.00357012	0.011727281	0.001603423	0.001898744	0	0.003701439	0.003214715	0.003756917	0.005549146	0.003721698	0.007627491	0.014147909	0.008135102	0.019781985	0.005793039	0.002943877	0.002947929	0.002585231	0.002558273	0.002621585	0.011420231	0.002976771	0.005313083	0.013327506	0	0.009045381	0	0.002885033	0.008655099	0	0.00291205	0.005762469	0.005871645	0.00309651	0	0	0.008598566	0.002923864	0	0.006083075	0.002960187	0	0.005912168	0.014165898	0.023814165	0.002862464	0.00324814	0.003023854	0.009071562	0.005644855	0.002927834	0.002743869	0.014579862	0.01514123	0.00281887	0.002866189	0.005410803	0.005237469	0	0.022561139	0.003032657
0.015368104	0	0.006587316	0.006524345	0.013160458	0.003897791	0.002163377	0.004089774	0.012623003	0.015190944	0.010873908	0.01315876	0.020946609	0.010430576	0.01598977	0.009459675	0.016149164	0.024179562	0.006559105	0.006216539	0.004251808	0.014806734	0.009298354	0.018574288	0.008889086	0.008958572	0.014207283	0.002119491	0.006490132	0.014874651	0.20986678	1	0.008567197	0.025539646	0.009019447	0.00493791	0.006751402	0.006395908	0.001594428	0.004675604	0.004060782	0.006327577	0.006230756	0.001567065	0.014987678	0.019062862	0.013701523	0.026178236	0.01951382	0.004958217	0.009930084	0.004354169	0.008617528	0.006623098	0.007212935	0.010027236	0.006711409	0.015712771	0.002492843	0.01015644	0.007573802	0.009718218	0.009718218	0.002367881	0.012261533	0.019410844	0.012361629	0.002607644	0.009718218	0.006948634	0.016895796	0.007386765	0.002524601	0.005122701	0.017449903	0.013733573	0.007468165	0.007157663	0.012534045	0.009642194	0.005470672	0.005092918	0.002546459	0.014260997	0.01479359	0.002310677	0.022100484	0.017851103	0.007121512	0.00482737	0.006834848	0.011026491	0.00251388	0.025332359	0.005107745
0.013732303	0.0059289	0.003363516	0.01165977	0.015119539	0.017912084	0.014912521	0.014095748	0.019336103	0.005817429	0.004997044	0.006047035	0.008912868	0.013980497	0.008164456	0.005796188	0.007730478	0.00505072	0.003349111	0.004761293	0.004884737	0.006480336	0.017804195	0.010669639	0.017020543	0.010292155	0.003627155	0.004870002	0.00497084	0.015190141	0.002034665	0.008567197	1	0	0.009210748	0.003781982	0.020683795	0.020819362	0.024423684	0.025067556	0.021771281	0.014539016	0.013123502	0.021604083	0.004919646	0.007300194	0.005247049	0.003645474	0.005604667	0.003797535	0.001901381	0.01333956	0.003300114	0.011836252	0.012890361	0.003839967	0.010280636	0.008596092	0.003818574	0.009723616	0.009668052	0.009304069	0.009304069	0.012695041	0.005634719	0.009291819	0.003787145	0.007988855	0	0.003548007	0.007394638	0.003771719	0.013535272	0.013732303	0.007637149	0.00701243	0.011439846	0.007309476	0.009599918	0.011077542	0.016760112	0.005851056	0.009751759	0.012743038	0.01510736	0	0.009403847	0.007812738	0.010908838	0.007394638	0.010469722	0.003378108	0.007701599	0.006467414	0.00195603
0.005316536	0.013389869	0.009115426	0.029341934	0.009105619	0.012135832	0.008980944	0.012733574	0.005240255	0.018393369	0.004514144	0.010925333	0.01207733	0.013531564	0.019360596	0.029452842	0.010475139	0.009125264	0.015883678	0.006451762	0.013238068	0.019757567	0.007237641	0.01686747	0.009225435	0.006973162	0.012287386	0.008798756	0.01122618	0.01286457	0.008271182	0.025539646	0	1	0.032762546	0.005124753	0.014013728	0.009956878	0.003309517	0.001617507	0.009833682	0.013134005	0.003233259	0.004879081	0.00888845	0.002473021	0.014219966	0.004939778	0.017720667	0.005145828	0.015458733	0.009037846	0.004471801	0.006873705	0.009981147	0.007804987	0.01160893	0.0139777	0.002587168	0.015811114	0.002620127	0.015128909	0.002521485	0.007372432	0.017815685	0.007554494	0.025658745	0.008118939	0.010085939	0.012019265	0.00501003	0.030665074	0.015720764	0.005316536	0.015523011	0.038008611	0.018085078	0.017333159	0.002601662	0.020014077	0.017033018	0	0.010571251	0.019734146	0.002558893	0.007194327	0.010194102	0.010586605	0.004927319	0.007515045	0.014186935	0.027464916	0.002609001	0.008763631	0.00795152
0.005163289	0.001733855	0.020656248	0.011690735	0.004421577	0.010476464	0.007268394	0.001374059	0.008482011	0.011908793	0.007306709	0.005305208	0.014075048	0.001752203	0.010744306	0.022883102	0.006782132	0.007385194	0.022036912	0.009746789	0.015713484	0.012792043	0.014058039	0.020281576	0.011946021	0.007524627	0.009546567	0.014241893	0.001453679	0.006663336	0.00357012	0.009019447	0.009210748	0.032762546	1	0.006636046	0.016331746	0.020414182	0.009642365	0.014661575	0.013643187	0.011692472	0.013606935	0.0084239	0.002877415	0.016011584	0.010741175	0.007995652	0.006556144	0.011660838	0.013345015	0.010240224	0.014476344	0.010384225	0.003231148	0.008422236	0.010522688	0.010558177	0.008375315	0.008530759	0.011874816	0.014692825	0.004897608	0.007955472	0.013182595	0.008151933	0.004983829	0.008761016	0.003265072	0.006225502	0.01135311	0.019854112	0.008482011	0.006884386	0.020100756	0.021532601	0.043491276	0.008015971	0.005053342	0.009718591	0.007352022	0.01368872	0.00342218	0.00798555	0.009940535	0.015526565	0.009900262	0.020562903	0.007975486	0.009731237	0.018370671	0.038528033	0.013513591	0.012766535	0.005148214
0.141338274	0.034172643	0.014539827	0.002400139	0.004841395	0.006452538	0	0.011283922	0.002786207	0	0.004800278	0	0.00770572	0	0.005882226	0.010439915	0.008911294	0.00242592	0.009651705	0.00457381	0.004692393	0.004668872	0.002565469	0.007687129	0.02697805	0.004943443	0.007839742	0.009356476	0.021487977	0.013680006	0.011727281	0.00493791	0.003781982	0.005124753	0.006636046	1	0.004470601	0.010588006	0.007038589	0.005160103	0.008963144	0.005237445	0.008595507	0.008647245	0.002362964	0.005259553	0.005040438	0.002626446	0.002691988	0.013680006	0.010959069	0.009610721	0.014265753	0.007309403	0.007960361	0.008299716	0.002468955	0.004954564	0.002751159	0.01961554	0.005572414	0.016087872	0.042900993	0.013066237	0.013532109	0.021422254	0.035470701	0.025900702	0.021450497	0	0.010655194	0.010869605	0.011144829	0.011307062	0.002751159	0.005052229	0	0.007899361	0.002766572	0.010641347	0.003018779	0.005620661	0.028103307	0.018361891	0.019047637	0.015300697	0.021680535	0	0.007859465	0.002663798	0.01005746	0.009735271	0.013871881	0.009319124	0.016911073
