1	0.098446912	0.06559347	0.092935138	0.060295367	0.084788521	0.04946639	0.05973452	0.061104283	0.063074323	0.058971479	0.068138215	0.064337328	0.064427987	0.065888331	0.080745414	0.09244508	0.088014042	0.07229939	0.07113181	0.073578966	0.071065508	0.050904088	0.055108828	0.047328521	0.059964613	0.0557693	0.070953557	0.061588249	0.061235157	0.060358358	0.065888222	0.063657012	0.06796979	0.069570196	0.072903443	0.064048259	0.053493983	0.069339738	0.06809432	0.075863527	0.065476234	0.06902062	0.035074191	0.077043608	0.040666693	0.058455377	0.059730855	0.059820985	0.067101909	0.075010516	0.074246874	0.075875554	0.074924517	0.073224357	0.078683574	0.072734268	0.070405619	0.081863925	0.079050647	0.072439432	0.095369926	0.084943591	0.101418549	0.094362982	0.062946322	0.09664803	0.095595856	0.067349095	0.05642593	0.072221153	0.067407917	0.078952049	0.071097748	0.073846184	0.065161516	0.07323475	0.064152924	0.079300951	0.057276042	0.068733731	0.08304061	0.063792399	0.076689518	0.035305578	0.064609337	0.07642989	0.08430271	0.100148423	0.053267485	0.050275658	0.056999367	0.059731576	0.056896374	0.062124927	0.052990494	0.0589041	0.064931392	0.060930602	0.054939257	0.024252294	0.059791279	0.05920554	0.053758307	0.056399764	0.071962916	0.040956591	0.088856892	0.042257733	0.062415352	0.061411731	0.076003054	0.080110813	0.06616988	0.069807899	0.067909484	0.053638286	0.066002311	0.063151744	0.060269754	0.050735728	0.059827071	0.049940066	0.056074773	0.057165499	0.071815727	0.058923728	0.116747074	0.062471756	0.074413548	0.070882215	0.063583616	0.084545337	0.047237046	0.078643715	0.075162674	0.06366375	0.083191842	0.054681423	0.080684666	0.075033283	0.050803727	0.060689207	0.104156028	0.109829754	0.104973408	0.098512703	0.044920886	0.101426791	0.095240166	0.092129717	0.038571014	0.100213369	0.085225509	0.099698158	0.097003996	0.102398323	0.075378154	0.065940633	0.071592872	0.058400471	0.075892274	0.078109673	0.070592811	0.07481378	0.078053665	0.09148533	0.068902194	0.099805302	0.108975105	0.101184405	0.103050521	0.102744416	0.104062637	0.096948298	0.07713144	0.078438254	0.064062659	0.064416698	0.064962598	0.042422875	0.057950285	0.059302766	0.089506058	0.04760223	0.058513478	0.075593498	0.105917479	0.10746175	0.105202398	0.054033446	0.052157308	0.078654989	0.081606588	0.047614936	0.084565059	0.059801673	0.088147769	0.068928194	0.071932587	0.084819405	0.079082814	0.07366479	0.046185752
0.098446912	1	0.146880755	0.283059233	0.204832747	0.26662555	0.173860529	0.187975468	0.19529427	0.184862025	0.177455444	0.18409377	0.188095713	0.181041374	0.191166822	0.189699971	0.247896857	0.218870548	0.228656261	0.196511388	0.188628825	0.174944469	0.15111485	0.120173653	0.137313281	0.169281728	0.169452452	0.173883101	0.172357018	0.174207591	0.170424169	0.17461266	0.168934071	0.172745729	0.180803181	0.163140953	0.161004993	0.150503463	0.16285032	0.161681394	0.183518659	0.200848794	0.157731611	0.10580762	0.22943401	0.124452968	0.162789952	0.167941951	0.176846403	0.189089539	0.216454559	0.218844435	0.215037881	0.224908152	0.218904615	0.225619508	0.230592295	0.225755899	0.236813934	0.244013511	0.232273811	0.242841943	0.233693903	0.231968726	0.196230124	0.18797728	0.291799988	0.292986851	0.180045484	0.152544012	0.184374878	0.189493551	0.182832213	0.188914628	0.168881957	0.179320165	0.218397596	0.186871522	0.192134394	0.159212095	0.19348196	0.192445375	0.189276242	0.202720169	0.0937197	0.193274119	0.197978717	0.221487311	0.233021838	0.163376915	0.169581367	0.135173861	0.164067191	0.168981168	0.176176433	0.169540796	0.172948807	0.183666314	0.17280964	0.169137552	0.086502801	0.170642689	0.163303929	0.162893499	0.174754576	0.221939948	0.123325331	0.183693394	0.127760461	0.168457057	0.195152903	0.191938779	0.20587669	0.204060821	0.184477229	0.188842131	0.190570977	0.18840105	0.182371277	0.158639964	0.157785262	0.158721161	0.161591896	0.172791209	0.172034995	0.157273169	0.171842648	0.276767791	0.189444988	0.215256539	0.189290889	0.17394532	0.237581159	0.118342544	0.186301167	0.220323468	0.181746681	0.180808351	0.144584549	0.201716643	0.2094196	0.157105508	0.167538799	0.302642632	0.311808967	0.31792634	0.275364681	0.132319542	0.274845361	0.276224264	0.268135442	0.110444849	0.282839701	0.271804594	0.27158241	0.276870056	0.278747049	0.175607088	0.183958788	0.194751882	0.18206889	0.192366788	0.206240451	0.20266508	0.196568121	0.223913638	0.372488803	0.232374493	0.261917001	0.266511667	0.282705164	0.275940507	0.274622584	0.272443181	0.274980655	0.229382815	0.175696942	0.167793415	0.156324865	0.167845076	0.149256575	0.160884031	0.169525294	0.226649963	0.157519681	0.154971254	0.178361541	0.26943922	0.255410281	0.266146587	0.170432864	0.170535143	0.241846173	0.235981984	0.156156904	0.197810035	0.183664753	0.232621964	0.202278696	0.172652637	0.224122566	0.237660358	0.179065334	0.095975798
0.06559347	0.146880755	1	0.151109677	0.114890566	0.14407147	0.094387814	0.100540246	0.09500926	0.112471481	0.101001202	0.092745956	0.100421695	0.091488171	0.101168735	0.095888999	0.138018778	0.117760327	0.126119172	0.104732301	0.093144821	0.10783596	0.084512001	0.065729721	0.079286778	0.103286784	0.096997355	0.10717736	0.110096595	0.098227578	0.098466059	0.103024597	0.105258841	0.099521366	0.10887991	0.103095007	0.097637853	0.080138837	0.102686704	0.097158836	0.111429295	0.110254915	0.227345853	0.06521306	0.122092068	0.059021727	0.098410147	0.094863109	0.099939531	0.101283632	0.13022683	0.131658408	0.130331862	0.133008898	0.12608583	0.132612288	0.13769083	0.122303572	0.134580513	0.135530352	0.127620597	0.155714939	0.147359353	0.12894027	0.112730122	0.092576448	0.151132214	0.154657467	0.106824539	0.086341618	0.106580468	0.113557103	0.103622034	0.105931176	0.094026641	0.111877039	0.141096825	0.108208327	0.110695886	0.096509988	0.114051253	0.124439695	0.122538252	0.127763563	0.064253237	0.100433819	0.119159251	0.123927012	0.132610676	0.088736625	0.09781314	0.065656167	0.093572657	0.088480444	0.090871326	0.093309515	0.093109625	0.087914601	0.098134633	0.104864906	0.049429421	0.082031062	0.100880894	0.081493241	0.109524043	0.139763728	0.063531326	0.100642326	0.081428411	0.106038329	0.08079628	0.105281976	0.130129018	0.121111366	0.119652707	0.108313181	0.110437852	0.090089393	0.097646346	0.081938597	0.098255721	0.09361885	0.096404824	0.096199042	0.094194676	0.101549073	0.096362671	0.161825638	0.111238855	0.110297971	0.105227457	0.10409677	0.135271408	0.065476917	0.110386536	0.141536328	0.099839826	0.107623511	0.06385107	0.100771483	0.123464256	0.114181987	0.087338694	0.155001169	0.169969085	0.166818042	0.155934199	0.077606791	0.152985393	0.154216968	0.140182943	0.053559668	0.158406719	0.147654764	0.15285615	0.156803355	0.15399333	0.117382373	0.101556758	0.110783785	0.097594087	0.115166791	0.111278954	0.114263263	0.120672117	0.109672529	0.150870831	0.126520416	0.1521231	0.158456325	0.159258069	0.156885257	0.163238459	0.135728203	0.143983848	0.125718446	0.116798413	0.118868652	0.094003503	0.11283708	0.088303826	0.092440084	0.094240031	0.127933061	0.083852713	0.091518229	0.106966619	0.152818319	0.147176903	0.157885611	0.092753737	0.085602058	0.123963209	0.144015245	0.081274221	0.117639914	0.09473456	0.119279269	0.117279484	0.105760703	0.141874668	0.132370481	0.09582399	0.054155699
0.092935138	0.283059233	0.151109677	1	0.187265204	0.268675614	0.167837318	0.17895138	0.1815117	0.186435421	0.180576335	0.175217548	0.18355845	0.175504121	0.184567152	0.183155782	0.241251279	0.204185079	0.226926015	0.202282548	0.18218407	0.164030429	0.142829543	0.11409369	0.141251516	0.164270137	0.16168548	0.17399425	0.171271593	0.169242273	0.167083625	0.169971722	0.166689003	0.171628361	0.16976367	0.177036758	0.168414406	0.150518566	0.162499732	0.169616614	0.175525195	0.199162404	0.155174483	0.101688036	0.231012622	0.123160567	0.174232293	0.166498651	0.182136543	0.176689712	0.218772457	0.223223005	0.215730035	0.228714336	0.21712633	0.224507448	0.22892141	0.222902481	0.226684473	0.234068719	0.22349594	0.24701712	0.239584782	0.223996542	0.187269043	0.191508337	0.292788341	0.293844721	0.18751452	0.154247461	0.192018573	0.184773568	0.185920536	0.190476802	0.175093137	0.187079536	0.219888979	0.181148353	0.19111611	0.147381624	0.190107798	0.196366119	0.180157595	0.196555931	0.096571116	0.187682645	0.196472304	0.225933375	0.224306018	0.167589777	0.157568128	0.126892299	0.158730483	0.162503422	0.173728006	0.172374914	0.168568225	0.177990264	0.17363944	0.160741068	0.080592329	0.175185413	0.160908611	0.170715876	0.183785218	0.210336547	0.113576652	0.17834554	0.127661056	0.169650563	0.181136369	0.192963612	0.201124261	0.204821182	0.190141269	0.192087095	0.191874904	0.192285434	0.175979754	0.157860704	0.154911709	0.154818597	0.160850345	0.170953433	0.159711497	0.167785599	0.185136014	0.260025227	0.190728479	0.207965159	0.184649183	0.163470558	0.234744767	0.119915878	0.184469377	0.216287473	0.175149771	0.173241941	0.137333331	0.196221517	0.20544398	0.14715372	0.164665373	0.299449795	0.315461851	0.313842887	0.27826998	0.124065811	0.280871908	0.278458227	0.266899843	0.10391414	0.276306852	0.270885514	0.274233611	0.279142295	0.280067242	0.177766222	0.18311564	0.185178158	0.190312739	0.186048468	0.197379701	0.193744197	0.197486093	0.207125929	0.280783825	0.234102302	0.263857327	0.263985641	0.281804961	0.276882684	0.279320387	0.262924889	0.273621508	0.220773209	0.183452434	0.170907186	0.169802004	0.174081597	0.131838325	0.16124579	0.172528777	0.219925822	0.155488692	0.169533809	0.181688857	0.260754759	0.250076942	0.268732496	0.1731515	0.155389766	0.236032426	0.234560876	0.153992267	0.199414307	0.177342696	0.222446846	0.192569582	0.163943887	0.223160417	0.229055705	0.159530774	0.100987285
0.060295367	0.204832747	0.114890566	0.187265204	1	0.206113219	0.138636495	0.135134646	0.145450353	0.134815573	0.135118779	0.140900265	0.146685704	0.13868836	0.142534044	0.142763533	0.166277546	0.155471733	0.17258795	0.136099695	0.135255518	0.130152936	0.119725924	0.097967272	0.104983525	0.107207929	0.108839495	0.124013604	0.121866747	0.113053135	0.120039576	0.126152621	0.121223481	0.124882975	0.13473087	0.119188341	0.119967536	0.100398393	0.117433702	0.120172389	0.133652301	0.140098885	0.117007525	0.069849293	0.165367537	0.085493236	0.129016725	0.134514452	0.144272717	0.132513363	0.168026146	0.169539035	0.165272782	0.168541239	0.158164127	0.166640127	0.168575348	0.161076847	0.167476047	0.174318853	0.16244581	0.172643094	0.171995218	0.177951356	0.153768568	0.137966965	0.202453997	0.207236356	0.136750591	0.119731077	0.142953871	0.135500208	0.141897122	0.142707867	0.131454105	0.133968973	0.15343882	0.136271371	0.145316202	0.129878364	0.145281493	0.147163309	0.140670614	0.142994178	0.065798903	0.138415521	0.142620073	0.165792863	0.164733728	0.121471857	0.122583999	0.100999895	0.125115819	0.125819205	0.124910093	0.116947873	0.123551764	0.124443455	0.123813838	0.12464065	0.063134849	0.128393288	0.118143754	0.126870875	0.139436011	0.161984845	0.0918862	0.137889157	0.085063843	0.119632431	0.141721532	0.148526676	0.156339549	0.153822233	0.1392119	0.144932309	0.14218683	0.1356952	0.127034006	0.120848013	0.125440701	0.122289287	0.127540135	0.134509851	0.138703287	0.124747735	0.136831544	0.206918156	0.142986804	0.151838623	0.149864128	0.130659684	0.172936355	0.094211451	0.132700773	0.164621251	0.136875788	0.139399609	0.108386122	0.147075034	0.150880221	0.114136912	0.13598179	0.208654532	0.223572582	0.222974665	0.20291728	0.093577579	0.204161078	0.208082712	0.201478989	0.092676725	0.205864335	0.214381158	0.204206552	0.204676733	0.205342461	0.13098371	0.144594287	0.146968055	0.134798676	0.19321529	0.192685824	0.191160914	0.188237967	0.213110751	0.210729726	0.161609958	0.191082664	0.195521296	0.211074459	0.205875973	0.198093912	0.19467027	0.207894026	0.174409575	0.127460529	0.111325506	0.110944521	0.116377971	0.122771084	0.116782695	0.134019846	0.170626789	0.122869982	0.117994721	0.145477451	0.201104342	0.189543509	0.201138844	0.126249058	0.132240058	0.164320811	0.173037403	0.118974786	0.15536068	0.136495678	0.168210162	0.14727709	0.124116901	0.149329723	0.171612041	0.135796638	0.079056805
0.084788521	0.26662555	0.14407147	0.268675614	0.206113219	1	0.188589626	0.179861223	0.183441058	0.180261722	0.181071736	0.175485586	0.193161827	0.178807657	0.185663902	0.177097957	0.228220214	0.188304359	0.221909886	0.187038768	0.181609461	0.16293875	0.149362334	0.103054456	0.129036783	0.1651072	0.1635804	0.17108414	0.175839783	0.166067753	0.167713536	0.16421628	0.167280212	0.169321196	0.163929169	0.175399749	0.167956771	0.139419385	0.161853962	0.167320893	0.17154779	0.201830267	0.143279961	0.09876571	0.230502167	0.135541231	0.172900601	0.170179991	0.189069334	0.181494531	0.217887187	0.220623979	0.211267079	0.220703821	0.210159639	0.225683254	0.224388696	0.220074327	0.225493842	0.225159512	0.215475517	0.241695785	0.238361	0.211129524	0.182720504	0.184979405	0.289819347	0.287642945	0.199457935	0.165109482	0.197455863	0.19616621	0.186818951	0.194145671	0.177096909	0.199195132	0.224907388	0.18717584	0.187876556	0.15844082	0.19193308	0.200784261	0.19431331	0.203763429	0.093318381	0.186419958	0.194876541	0.226763744	0.221777286	0.167536792	0.176514515	0.13794887	0.162278744	0.166368148	0.169853076	0.172282655	0.155374615	0.163315774	0.165967172	0.168160006	0.085197472	0.169284897	0.162091588	0.160670089	0.186627766	0.217043487	0.119741281	0.177138673	0.121789374	0.166814306	0.168189748	0.197222971	0.206193807	0.205171556	0.182713105	0.185487777	0.192403949	0.180151083	0.178668685	0.167792581	0.162012016	0.158129208	0.169538871	0.185242558	0.165229468	0.159108501	0.183486061	0.247173393	0.196462084	0.205598648	0.178210807	0.172955615	0.225537035	0.120863388	0.182923322	0.211649555	0.166463068	0.168957781	0.133414359	0.192865266	0.190761656	0.14139443	0.155604712	0.289811597	0.308241776	0.309339495	0.34009598	0.125017188	0.34407598	0.343663672	0.331847582	0.114845827	0.339466017	0.304974332	0.335414632	0.342878065	0.34457555	0.179685904	0.180382159	0.176911296	0.188176487	0.193410673	0.196819998	0.197647679	0.191701144	0.194250658	0.270443873	0.229524656	0.277259556	0.283641536	0.299713718	0.296465865	0.288842508	0.278034904	0.297850544	0.218863461	0.172373586	0.162529818	0.158187931	0.167877017	0.138811133	0.153788069	0.172301983	0.218877799	0.152572796	0.1470451	0.181089012	0.273505724	0.26090928	0.280302323	0.180397295	0.149545155	0.229457824	0.240966766	0.146372008	0.193100431	0.173834493	0.217747638	0.19773854	0.162401621	0.222254809	0.226093239	0.151656324	0.110167866
0.04946639	0.173860529	0.094387814	0.167837318	0.138636495	0.188589626	1	0.188536449	0.207049981	0.197600257	0.176099089	0.144116827	0.162132423	0.167721881	0.155242291	0.147555718	0.156263013	0.122366029	0.149904023	0.121894429	0.13379101	0.121468509	0.101945584	0.063860065	0.082476854	0.113683847	0.113761502	0.118088863	0.116867743	0.116768517	0.112041406	0.113785964	0.116037676	0.118637069	0.117326626	0.117081626	0.118542894	0.098939164	0.115127933	0.115448243	0.100847873	0.122045565	0.102285542	0.073766643	0.156369411	0.081515671	0.108263215	0.111433054	0.126096628	0.128551117	0.139768467	0.145373259	0.135634171	0.152476374	0.143864807	0.151599847	0.151081331	0.148192251	0.138067172	0.143805845	0.146702214	0.167965169	0.167765782	0.14448671	0.131046808	0.141796132	0.188114893	0.187589018	0.124512454	0.097933738	0.122819676	0.115185486	0.117645073	0.118849812	0.120837978	0.124928671	0.128240248	0.111883251	0.114066405	0.108176508	0.111567012	0.127182215	0.125297752	0.132550905	0.061477449	0.123670178	0.121937575	0.145245337	0.143087268	0.1033947	0.113283953	0.077678946	0.100128846	0.120048153	0.116930427	0.118213423	0.106356028	0.117687947	0.110431651	0.102062973	0.045759672	0.114731943	0.109592907	0.118941571	0.119960867	0.139503316	0.088718142	0.12675076	0.083835443	0.11267865	0.114777362	0.137459089	0.13877637	0.13482314	0.112642679	0.120722223	0.121705156	0.11843276	0.105763687	0.107477563	0.113593585	0.107038338	0.106277856	0.121039095	0.114875201	0.112102312	0.118446332	0.178095393	0.117175244	0.131765174	0.099500187	0.139188464	0.151245562	0.092515259	0.127616466	0.147397132	0.101999615	0.097841146	0.112562083	0.126258803	0.133229872	0.112308525	0.100579213	0.180974343	0.196834204	0.195354132	0.182184031	0.092257383	0.180964366	0.184002339	0.178656847	0.069995735	0.178737517	0.184200796	0.176226574	0.1833988	0.185714601	0.116518604	0.122152063	0.124525108	0.126097675	0.127219186	0.132853639	0.145409491	0.129216012	0.142859172	0.178233345	0.141045591	0.167742546	0.167258473	0.182366875	0.182708561	0.176146072	0.171914007	0.181931867	0.148791079	0.109461929	0.109414466	0.106813942	0.1061089	0.091134794	0.107830617	0.117094918	0.148886623	0.103954783	0.09630691	0.116982707	0.165410162	0.165215298	0.172960081	0.181346609	0.103594492	0.155296993	0.160222301	0.09975498	0.13198888	0.127836851	0.152670239	0.120998307	0.099585944	0.138258968	0.160229285	0.104891887	0.058639199
0.05973452	0.187975468	0.100540246	0.17895138	0.135134646	0.179861223	0.188536449	1	0.251131816	0.302961734	0.214090767	0.157781195	0.173379535	0.207344072	0.170886931	0.16483257	0.18118963	0.15304516	0.159140502	0.132350015	0.148223367	0.14123235	0.102344068	0.084902366	0.092988782	0.124107407	0.117205394	0.124425007	0.126028137	0.126704884	0.119689074	0.13037455	0.122982178	0.123583001	0.120914313	0.130325933	0.118220587	0.099986041	0.119236535	0.116562407	0.118822671	0.13355412	0.111878191	0.085826293	0.161190146	0.094497399	0.118417993	0.117657473	0.142240324	0.152799488	0.136994282	0.148637189	0.143887339	0.155552689	0.148259858	0.15369116	0.158104397	0.14651722	0.152075399	0.159296837	0.152916335	0.173892788	0.164992121	0.178197291	0.171324971	0.161301757	0.198094241	0.192633158	0.133482383	0.112887486	0.148851281	0.131235625	0.138268773	0.131946295	0.134116779	0.125113962	0.153046656	0.132994034	0.140434269	0.135003519	0.136617496	0.135829984	0.130122286	0.143347917	0.068896662	0.130847519	0.128303247	0.149151103	0.168203211	0.111677267	0.114598008	0.085936523	0.124408929	0.12070445	0.120646934	0.110205297	0.12242908	0.13179818	0.114758951	0.120644001	0.052739022	0.121089212	0.115487654	0.119729322	0.129020177	0.156331563	0.086377478	0.1474825	0.086824579	0.126859983	0.135929759	0.145248263	0.155081971	0.144881445	0.130830527	0.124960948	0.125992127	0.132822451	0.117844693	0.103500713	0.102942077	0.104455818	0.108997743	0.116938399	0.136384451	0.114270278	0.126121114	0.206250789	0.124834216	0.145515317	0.128138577	0.146133704	0.157081676	0.101325985	0.137685821	0.156008663	0.109680783	0.1240474	0.13418429	0.150036618	0.159594694	0.115737231	0.117035056	0.214504164	0.21540153	0.216992052	0.187623907	0.084774897	0.183755171	0.184222922	0.184888688	0.075447936	0.194852569	0.187154291	0.18293376	0.185921185	0.194563853	0.140743669	0.129291682	0.156390102	0.134894911	0.131851982	0.142614776	0.148078254	0.144261999	0.151751548	0.19198785	0.155597504	0.186595683	0.198695576	0.198371305	0.195503011	0.194886205	0.193532633	0.190707911	0.155240013	0.133170028	0.127081214	0.118798366	0.122348566	0.104270046	0.11279985	0.121381864	0.157031996	0.118958569	0.102958455	0.132437202	0.197039772	0.196535139	0.201849409	0.217879456	0.128454476	0.159209073	0.167734291	0.117722125	0.148397988	0.138957436	0.165878545	0.135301869	0.131648845	0.163722465	0.179817599	0.124259994	0.055771168
0.061104283	0.19529427	0.09500926	0.1815117	0.145450353	0.183441058	0.207049981	0.251131816	1	0.247641689	0.197097532	0.15885633	0.164669168	0.193690938	0.166922402	0.16801409	0.178481428	0.149185766	0.148308856	0.13759676	0.156802815	0.138993571	0.094880172	0.085332723	0.102865472	0.119453548	0.121614259	0.121471878	0.120777577	0.120482501	0.128175139	0.13170283	0.127614621	0.127107705	0.127507345	0.126125164	0.127251427	0.110987632	0.116340385	0.117041128	0.119940791	0.138293651	0.114007087	0.075314232	0.165210781	0.093249104	0.119139038	0.120535437	0.140430909	0.151169794	0.145179872	0.160091256	0.150039787	0.158103985	0.143863203	0.1518899	0.166744188	0.14944339	0.151976159	0.166368802	0.155539659	0.170617879	0.16401462	0.156609192	0.147489593	0.15203936	0.196007577	0.194893164	0.123491871	0.098735562	0.129794958	0.116337193	0.116713645	0.119007346	0.125766945	0.11959853	0.147712382	0.118986292	0.128142788	0.101252544	0.124689906	0.139135495	0.136114642	0.143634624	0.061574929	0.134396604	0.134465641	0.153959096	0.162255195	0.112515303	0.10632411	0.08198154	0.101934396	0.119037741	0.12028319	0.104926235	0.11543879	0.129168528	0.105282148	0.10238012	0.045965895	0.126437064	0.11319213	0.119895945	0.11872222	0.158534886	0.086723962	0.126849447	0.084846686	0.120034211	0.128760731	0.131676868	0.137307251	0.13525076	0.125454704	0.13000033	0.12573452	0.129081232	0.118847493	0.11080497	0.106673352	0.105483395	0.110256268	0.125588229	0.119154138	0.113966159	0.12527606	0.191570772	0.117815457	0.147902229	0.126907273	0.150358619	0.161308647	0.088610814	0.138675414	0.15607433	0.104685455	0.117716186	0.137717115	0.137036297	0.151310315	0.119982152	0.111538414	0.195660336	0.210789831	0.209184544	0.195709574	0.08679688	0.192439449	0.196333316	0.185628937	0.079563804	0.194272368	0.194562022	0.189805958	0.190978325	0.19782215	0.135025188	0.133408475	0.148866985	0.126900547	0.130672031	0.148078626	0.143597203	0.138864151	0.147314717	0.196904954	0.168754529	0.178706684	0.188733447	0.19945693	0.193117029	0.192285937	0.184929384	0.193319753	0.163511552	0.117700691	0.119880352	0.114000882	0.124349372	0.105911367	0.109675373	0.127920619	0.15333851	0.117237714	0.104277943	0.12662403	0.183033029	0.187067151	0.193444799	0.262804809	0.128853485	0.161248686	0.163119369	0.107733564	0.144159475	0.139277904	0.174256004	0.13129428	0.119158469	0.157721407	0.184457218	0.115606572	0.06426989
0.063074323	0.184862025	0.112471481	0.186435421	0.134815573	0.180261722	0.197600257	0.302961734	0.247641689	1	0.201332541	0.1674658	0.184557662	0.209604038	0.177439441	0.176876395	0.186860768	0.177202664	0.178277802	0.136651076	0.157193337	0.15487449	0.11704141	0.100000011	0.104977373	0.135346216	0.122293757	0.131449268	0.135485848	0.127173498	0.126271801	0.13348448	0.134378854	0.131460106	0.133639134	0.136385506	0.121452083	0.104836713	0.124518388	0.120146635	0.142749454	0.138913838	0.121630463	0.082919716	0.162773948	0.098488123	0.128927904	0.125126268	0.142085705	0.156659657	0.145077901	0.148730773	0.146595638	0.156168509	0.145306173	0.15732059	0.168358275	0.158912146	0.160790219	0.172946289	0.156497562	0.18633838	0.178215182	0.203863385	0.198923415	0.161317575	0.203872778	0.19701524	0.126767437	0.113287144	0.153023938	0.127392457	0.154932288	0.138376528	0.152164338	0.125646992	0.167133663	0.136524475	0.155755661	0.163777845	0.139300831	0.154344579	0.141024576	0.15714837	0.068688826	0.138639912	0.136290477	0.161825513	0.190693429	0.112943108	0.11528049	0.085576939	0.123262088	0.12242571	0.118815241	0.11217738	0.126698623	0.132222327	0.122497055	0.118576325	0.050077681	0.120225035	0.116758717	0.120371542	0.130318276	0.157138826	0.090318032	0.160983181	0.091688761	0.142141767	0.140781618	0.160807986	0.176274055	0.157076506	0.142985862	0.132037234	0.124816588	0.139802525	0.12970183	0.122335268	0.117353004	0.116467852	0.118484035	0.13095361	0.154577397	0.119039215	0.130351722	0.233467944	0.123509532	0.151731862	0.156056575	0.152049971	0.165991107	0.097634655	0.139378192	0.175929816	0.117490777	0.141540229	0.151780589	0.152511981	0.181834186	0.11357491	0.133098605	0.229434456	0.220647617	0.221567504	0.188351968	0.089876855	0.188160943	0.184201735	0.188136448	0.093505015	0.204450926	0.180712733	0.181490587	0.186650103	0.199064886	0.15244359	0.140887319	0.170179943	0.146905179	0.135027226	0.142314969	0.146637416	0.143666304	0.156539134	0.19568757	0.158383966	0.19679384	0.212029412	0.205986404	0.199203552	0.207241022	0.196484084	0.19530425	0.167033936	0.151947023	0.142668785	0.13389017	0.128634891	0.099879254	0.115244666	0.127405469	0.173637507	0.132320975	0.104523211	0.13193321	0.213000444	0.227367719	0.228267049	0.216618936	0.132082724	0.162116332	0.171282144	0.129196823	0.169062001	0.134187154	0.188225057	0.142972839	0.152310992	0.17120506	0.189578936	0.140421233	0.053412247
0.058971479	0.177455444	0.101001202	0.180576335	0.135118779	0.181071736	0.176099089	0.214090767	0.197097532	0.201332541	1	0.14847937	0.150652113	0.173280737	0.153922883	0.149776867	0.16344723	0.138306586	0.160392747	0.12150143	0.133378846	0.122051043	0.101223862	0.077421993	0.09891308	0.117421436	0.121484929	0.126175182	0.133414186	0.125159167	0.121321428	0.121562112	0.117779225	0.122377853	0.117798424	0.118850249	0.114667275	0.106145856	0.11525064	0.12147875	0.118076803	0.130682256	0.106141748	0.068676626	0.161352421	0.088880626	0.115374382	0.119757722	0.133528056	0.134645556	0.152413833	0.150097865	0.146988696	0.158983305	0.155040501	0.155654841	0.159891468	0.14846303	0.150449188	0.154351485	0.14983042	0.172514909	0.166952357	0.152038009	0.145046623	0.150293948	0.198865557	0.201700759	0.128977263	0.103277197	0.132252472	0.12697808	0.131587374	0.134305203	0.13368657	0.125118079	0.143919901	0.126115317	0.130727785	0.11918211	0.132866497	0.137998033	0.131686367	0.133342989	0.05941381	0.130544137	0.134179948	0.153446359	0.155066346	0.108917758	0.112682468	0.095085133	0.111177826	0.120469455	0.122619251	0.113002304	0.12103782	0.115443231	0.114052625	0.113914096	0.063961121	0.119500664	0.113094756	0.117345948	0.125317152	0.159211676	0.08141825	0.125921524	0.087037557	0.11441099	0.115882229	0.142818846	0.150733545	0.142998861	0.119629006	0.123609761	0.112881718	0.121560291	0.11505782	0.111402937	0.111350144	0.110019696	0.111977511	0.121742857	0.115798998	0.106031888	0.120048281	0.201837162	0.128214466	0.134664645	0.123361744	0.142910276	0.160791058	0.091162329	0.137636723	0.152717831	0.106427633	0.111050616	0.11217485	0.138286544	0.142843334	0.106045884	0.109445657	0.198232004	0.2091263	0.203570244	0.191809219	0.091098602	0.191542485	0.193414107	0.179550335	0.07956385	0.190030702	0.185362028	0.184053208	0.192164781	0.190731864	0.129224004	0.126906053	0.124372527	0.128841457	0.137568913	0.143872331	0.139308385	0.135583571	0.141193407	0.185214016	0.150786425	0.179239577	0.186876091	0.192584093	0.192018838	0.18990819	0.181065481	0.183360996	0.16505737	0.125277612	0.130648806	0.117022418	0.127796213	0.091449104	0.114346898	0.120364397	0.153019974	0.106104642	0.111609882	0.128662458	0.191099799	0.179458752	0.188744069	0.181137805	0.102798702	0.153861845	0.161898	0.112674681	0.140225987	0.140138369	0.156332005	0.135165855	0.108936157	0.15181601	0.171108584	0.105716964	0.062339533
0.068138215	0.18409377	0.092745956	0.175217548	0.140900265	0.175485586	0.144116827	0.157781195	0.15885633	0.1674658	0.14847937	1	0.150944305	0.149392717	0.154139794	0.143255213	0.171032906	0.15998735	0.154949922	0.124901436	0.147730509	0.1326107	0.108829159	0.078363564	0.100707419	0.120524621	0.113017952	0.115758511	0.121970797	0.113558529	0.121830647	0.117617771	0.113286506	0.113937442	0.129739253	0.115059894	0.115692679	0.090811896	0.119449704	0.12861203	0.128785861	0.13284545	0.104055262	0.076299451	0.153826795	0.101919611	0.117094084	0.112020862	0.122462881	0.141818221	0.145424998	0.145239376	0.143980616	0.150368696	0.152297014	0.14946743	0.155407519	0.153858847	0.158281415	0.16566487	0.15221821	0.168383542	0.169313175	0.179700653	0.160752808	0.157668612	0.19094343	0.190333485	0.116445813	0.098904354	0.1310113	0.119204998	0.136054898	0.130542092	0.127640405	0.12089715	0.134649194	0.133573681	0.137286378	0.126349062	0.133054181	0.146411653	0.129654684	0.13587503	0.057983698	0.118760117	0.129079387	0.150642978	0.168227555	0.107589299	0.108434228	0.082377934	0.108883943	0.106905418	0.103289455	0.107666244	0.113596066	0.12906195	0.115730117	0.10606053	0.055011571	0.117939181	0.112157294	0.112875429	0.114485462	0.144638784	0.082454573	0.128778409	0.075581138	0.117265057	0.127935352	0.146056527	0.155747278	0.138461122	0.136049565	0.12842971	0.118016389	0.123569544	0.122288568	0.107403477	0.110393966	0.11029426	0.113442287	0.123095214	0.127719251	0.113021323	0.115149306	0.211658612	0.120404757	0.151146307	0.132959612	0.146903033	0.158716645	0.097760858	0.132003012	0.152740363	0.118099214	0.131790746	0.144950768	0.144777894	0.153528115	0.106847548	0.128724409	0.206341721	0.211341675	0.210280372	0.178997617	0.086468243	0.178694401	0.17785176	0.179545529	0.077637791	0.190783316	0.179630289	0.177800118	0.179220991	0.186591991	0.127159536	0.135803831	0.146418242	0.133183799	0.13273581	0.141940221	0.146112788	0.14239766	0.145525133	0.19523521	0.148097328	0.181700198	0.185701462	0.187073576	0.194757144	0.186232961	0.1834435	0.186556979	0.154753211	0.126892057	0.116523439	0.118934101	0.114133148	0.100482159	0.10168316	0.119888423	0.162415916	0.10435443	0.094595905	0.120281641	0.191922344	0.196222923	0.202919647	0.147069548	0.115925165	0.151721649	0.163872321	0.114929402	0.153083984	0.139462248	0.165051825	0.133296642	0.129207072	0.138706076	0.174184118	0.132504279	0.05204263
0.064337328	0.188095713	0.100421695	0.18355845	0.146685704	0.193161827	0.162132423	0.173379535	0.164669168	0.184557662	0.150652113	0.150944305	1	0.191176181	0.17961737	0.181415306	0.179459346	0.17031119	0.167764369	0.14127491	0.14877572	0.129269207	0.112182335	0.094439918	0.110388465	0.126586469	0.115216334	0.124868269	0.12787069	0.119161081	0.11964556	0.12540779	0.125360776	0.12654705	0.136208008	0.124325423	0.125534661	0.108530445	0.133963568	0.12477094	0.143530069	0.151744402	0.107915171	0.075400108	0.165673396	0.091645835	0.1235319	0.124616545	0.137107459	0.145332699	0.144037287	0.145715983	0.145267892	0.153935823	0.146954839	0.155433751	0.166126456	0.152306359	0.165994514	0.168399205	0.149883315	0.170782599	0.166780366	0.184441446	0.169187202	0.156587971	0.203921856	0.206893853	0.130563045	0.11059477	0.142662206	0.134014466	0.157467312	0.146759711	0.145188264	0.141606448	0.147722178	0.133303559	0.148272896	0.14212002	0.142403271	0.148322051	0.126738229	0.135829411	0.066934208	0.143140731	0.149652856	0.154574901	0.188477344	0.105065003	0.115846901	0.086313966	0.115807172	0.112831454	0.108066477	0.11376422	0.12680533	0.12811124	0.120719291	0.111581747	0.049655111	0.125382831	0.120216685	0.116767286	0.118435848	0.163564739	0.085685816	0.15391915	0.083495945	0.129371552	0.143215834	0.166322016	0.157437553	0.15345051	0.150879423	0.143713907	0.133158554	0.131519787	0.122240782	0.116529248	0.114027007	0.100512106	0.116158229	0.114757653	0.140959262	0.115236932	0.125176068	0.222922988	0.124165927	0.153899046	0.150437804	0.131641357	0.164611602	0.089152605	0.142069747	0.15822808	0.119128592	0.141470682	0.134068572	0.148753614	0.168914957	0.113924541	0.133553674	0.218661101	0.222218918	0.218347877	0.192627895	0.084634272	0.198816388	0.1947917	0.191675118	0.093674908	0.204460172	0.183505383	0.19524752	0.196306238	0.202679165	0.137740661	0.134474123	0.156390229	0.138305796	0.134432972	0.149317894	0.158360718	0.139092459	0.157321524	0.195204469	0.156486996	0.191294157	0.207056961	0.200801023	0.196532459	0.203156284	0.2008061	0.195988716	0.152207314	0.137083416	0.127749684	0.128485674	0.126280804	0.092145864	0.112114066	0.126321886	0.169725365	0.119599777	0.116111369	0.128379603	0.207305658	0.210843042	0.211133501	0.146114962	0.132228245	0.155499431	0.168340893	0.12136549	0.16083024	0.138155833	0.168654428	0.142607817	0.140389801	0.160592357	0.171324794	0.142010072	0.062936319
0.064427987	0.181041374	0.091488171	0.175504121	0.13868836	0.178807657	0.167721881	0.207344072	0.193690938	0.209604038	0.173280737	0.149392717	0.191176181	1	0.178833476	0.167702026	0.164587511	0.160980463	0.164153856	0.134690581	0.142657827	0.126990509	0.11047071	0.086115436	0.089627631	0.122470343	0.121735867	0.128962181	0.125073516	0.122534235	0.115654012	0.128070774	0.123510412	0.130942583	0.133017519	0.119799379	0.114339926	0.093423567	0.127013733	0.1302574	0.146064095	0.137476393	0.098438447	0.076679015	0.155516053	0.100465017	0.119643911	0.121183702	0.130718127	0.141006489	0.14611359	0.139958753	0.143456514	0.150629243	0.146402496	0.147405777	0.150053158	0.15168874	0.164874387	0.166938339	0.157227509	0.169761472	0.17300659	0.176775172	0.167251145	0.157366137	0.199556764	0.204447969	0.120587113	0.109037744	0.133451719	0.126317035	0.135285371	0.132178486	0.148427412	0.124240575	0.143622842	0.133469315	0.140462612	0.131927408	0.141893766	0.150523802	0.133366796	0.140781837	0.061776206	0.127954067	0.152022821	0.156525071	0.172860933	0.111426802	0.115373408	0.086319107	0.111235836	0.114137179	0.113691925	0.111484708	0.125623651	0.130171176	0.116223462	0.12271693	0.050961796	0.114706938	0.115320224	0.124204649	0.116357308	0.140778657	0.088767952	0.139279183	0.090504594	0.115438012	0.144767279	0.154431843	0.150790866	0.144739224	0.141917195	0.133715258	0.125171571	0.126639003	0.119614646	0.109925981	0.105506447	0.107525287	0.106946021	0.126298815	0.135648404	0.11561795	0.11472651	0.217300635	0.120858201	0.143285104	0.141904145	0.13839018	0.163199725	0.098537754	0.135819821	0.151696614	0.120888508	0.141515798	0.137820009	0.147319479	0.156919399	0.111772982	0.125953175	0.21382168	0.210926499	0.210926459	0.179180744	0.09200742	0.180264983	0.180461359	0.174377985	0.078705905	0.193946014	0.178557756	0.18199948	0.176876201	0.186838996	0.127090252	0.134808441	0.149708907	0.136578073	0.13622814	0.144817324	0.144763686	0.140884808	0.1472791	0.186762699	0.143715074	0.189526651	0.200177647	0.194987196	0.1960869	0.201770117	0.194376273	0.188021345	0.161633764	0.127454245	0.123384134	0.128621875	0.122637407	0.09607407	0.104308514	0.121871137	0.159576061	0.111035705	0.101228797	0.121206071	0.19133656	0.199241078	0.193439977	0.180761204	0.113902766	0.152104417	0.162392465	0.115488372	0.155198519	0.128756299	0.16864478	0.138412388	0.119973873	0.145931481	0.170835706	0.134053439	0.058555474
0.065888331	0.191166822	0.101168735	0.184567152	0.142534044	0.185663902	0.155242291	0.170886931	0.166922402	0.177439441	0.153922883	0.154139794	0.17961737	0.178833476	1	0.203414949	0.173601677	0.163663393	0.166518593	0.143015129	0.150275153	0.126317849	0.110594569	0.075282122	0.102846703	0.123346796	0.120516649	0.123136457	0.124924126	0.118246365	0.122006026	0.127256511	0.124101961	0.127709801	0.130918108	0.124429108	0.112958132	0.097551001	0.124106631	0.123622743	0.129214882	0.134078103	0.112677363	0.077472313	0.174038252	0.089965011	0.127952668	0.130146451	0.138342154	0.144073327	0.1521789	0.153816817	0.153467748	0.161103393	0.149640374	0.153707241	0.156566498	0.15243801	0.172080251	0.173966117	0.159939313	0.181162204	0.169697994	0.180261178	0.164348265	0.156046351	0.207807433	0.209911882	0.133962816	0.112043425	0.146596003	0.140088764	0.14342999	0.13657621	0.140617641	0.138151382	0.152633185	0.13255115	0.145222944	0.138893517	0.139987974	0.156025059	0.137455091	0.15072642	0.079400875	0.141236467	0.139895112	0.166592629	0.176834596	0.118927771	0.115773224	0.085528533	0.116361884	0.118570154	0.12687192	0.114898916	0.122302851	0.131686202	0.117095418	0.122119322	0.050138114	0.111829688	0.116652406	0.115749737	0.121562585	0.15050684	0.093002441	0.143937395	0.09653899	0.123010995	0.140988161	0.149585424	0.156726493	0.146499711	0.134653731	0.130054978	0.126760774	0.137588468	0.123370337	0.120464514	0.115156024	0.106719897	0.114260796	0.125921164	0.133806726	0.112029425	0.125362983	0.214674427	0.130071553	0.147915633	0.141708267	0.150404501	0.166949122	0.098478747	0.143435182	0.149601147	0.12471671	0.135024178	0.135581344	0.151315229	0.16375588	0.113137524	0.124947117	0.224908887	0.223691766	0.225624135	0.196183504	0.093491572	0.195918811	0.192512136	0.1947592	0.086218552	0.20268064	0.190392186	0.193927461	0.199243746	0.200234823	0.148591752	0.135737301	0.155429782	0.135349843	0.127441066	0.151461228	0.148903839	0.146470657	0.15537386	0.19096848	0.174690896	0.194666429	0.202270957	0.202286938	0.198334841	0.205063716	0.192304746	0.196057055	0.167256836	0.14499373	0.134165306	0.125194682	0.130814342	0.09806595	0.117819895	0.124520631	0.166069994	0.112774585	0.111323954	0.128436726	0.202838673	0.204715626	0.209439197	0.161170113	0.115160709	0.157746225	0.170954981	0.111889133	0.153330038	0.137719727	0.172784279	0.142349088	0.127650938	0.170390983	0.173850469	0.125620598	0.057591412
0.080745414	0.189699971	0.095888999	0.183155782	0.142763533	0.177097957	0.147555718	0.16483257	0.16801409	0.176876395	0.149776867	0.143255213	0.181415306	0.167702026	0.203414949	1	0.178169881	0.182070528	0.183136907	0.145107613	0.145474623	0.127773362	0.115474966	0.096707877	0.10152942	0.117490579	0.114615715	0.123340834	0.120078121	0.115230836	0.119552656	0.123797965	0.121753667	0.128660366	0.137516046	0.12461032	0.116028116	0.101793214	0.122673774	0.114363249	0.149479137	0.139552115	0.116010693	0.071777116	0.158766634	0.103346727	0.122661097	0.116692603	0.127613084	0.146036197	0.149283447	0.14717746	0.150087015	0.159113674	0.162760851	0.150783486	0.155009152	0.152858552	0.168623776	0.171374534	0.15763461	0.175645956	0.167043792	0.186507342	0.187587249	0.165534586	0.207449453	0.202725485	0.127880217	0.110814059	0.147197419	0.139195037	0.156548238	0.139611914	0.158817752	0.134996717	0.150747438	0.133996542	0.152263634	0.150823781	0.145387057	0.159299353	0.140219694	0.147356074	0.065427958	0.140393704	0.14549466	0.155738957	0.181010807	0.117316035	0.10839219	0.083624969	0.123828548	0.116098349	0.119050515	0.119606726	0.132228461	0.128093868	0.123592753	0.117507202	0.04736243	0.111208083	0.112755473	0.12770749	0.132511491	0.142752052	0.088618818	0.161277873	0.089043413	0.119091655	0.144653717	0.160127922	0.159221946	0.146047054	0.142189928	0.145015136	0.138774312	0.133227234	0.119217489	0.112779831	0.104885136	0.119023029	0.120871907	0.128611558	0.156519357	0.113565596	0.125891881	0.229832693	0.135064756	0.154074784	0.14052245	0.12757907	0.168658672	0.104468615	0.136371384	0.159612689	0.131099873	0.154098968	0.146860661	0.153797747	0.166828147	0.105248082	0.139831792	0.226898629	0.219664911	0.220914234	0.192934315	0.095168419	0.190645643	0.189975734	0.194070713	0.09405942	0.203015376	0.187350254	0.187993523	0.189509103	0.201308841	0.142999766	0.130806173	0.166009909	0.130899991	0.14115773	0.156862899	0.169206894	0.145950733	0.157174936	0.193653619	0.157263158	0.192147068	0.206405185	0.203335629	0.199037717	0.19997809	0.199962005	0.20144447	0.166453277	0.128918043	0.113364574	0.111960446	0.11773342	0.10320362	0.12029798	0.124509132	0.166442658	0.119757759	0.112192048	0.136586059	0.202076841	0.211227226	0.206513119	0.150673797	0.131992846	0.154784606	0.16172565	0.116325071	0.164349225	0.135324197	0.182924621	0.143766716	0.136274997	0.156141606	0.179409789	0.145971672	0.048605877
