1	0.53427345	0.443117298	0.457348711	0.51611853	0.518577386	0.494954143	0.501707842	0.525515508	0.424434664	0.524709313	0.492867664	0.457595334	0.486820611	0.509941119	0.420518691	0.480221727	0.523688128	0.44354891	0.437402271	0.408107429	0.405764811	0.511812617	0.389513428	0.524407394	0.523718388	0.490741147	0.367484428	0.501273675	0.534391344	0.512797973	0.493585761	0.541915237	0.437475517	0.507314159	0.574404118	0.512836795	0.481090313	0.534180482	0.509284748	0.507585781	0.471495805	0.512960017	0.521209178	0.503858599	0.519504733	0.479465381	0.50304927	0.491996362	0.492932132	0.502358157	0.513531497	0.526710922	0.511275047	0.521292137	0.492645825	0.404302226	0.500205924	0.510271459	0.502633003	0.501535422	0.478392619	0.530769756	0.532067121	0.527696679	0.466175386	0.467270193	0.416467598	0.397824459	0.503306961	0.413800401	0.354268123	0.528717938	0.531699131	0.44665095	0.349081008	0.456657169	0.472686228	0.499974267	0.410544087	0.472828065	0.504002814	0.536654328	0.489036222	0.530085204	0.45069632	0.447652948	0.42077419	0.533531	0.51765042	0.509272836	0.441540173	0.485583346	0.472867798	0.53080618
0.53427345	1	0.464145475	0.4779261	0.507476492	0.511585899	0.494549419	0.511548365	0.521852899	0.45492466	0.5314203	0.49963869	0.464014778	0.500110274	0.504310358	0.438933192	0.484783429	0.524921223	0.444757036	0.447448586	0.413317989	0.425764824	0.515524428	0.405613193	0.520121199	0.530178063	0.507697903	0.392544589	0.486627148	0.533841411	0.500181347	0.500964403	0.539729184	0.476851971	0.511729818	0.528046886	0.524275768	0.487327056	0.536306887	0.516832926	0.505911356	0.483320027	0.514857388	0.523982646	0.509068697	0.512346369	0.486583872	0.507480354	0.478288566	0.489480801	0.512483388	0.52187226	0.537136686	0.515758106	0.516917072	0.518766139	0.441695323	0.511382656	0.505964653	0.501077589	0.519465902	0.477920287	0.515415013	0.513686835	0.528937906	0.473600423	0.480491538	0.428584706	0.43415228	0.500159477	0.431000973	0.392148168	0.530391306	0.542028356	0.472616856	0.374670123	0.457472302	0.487401299	0.508289163	0.433352552	0.487334128	0.505871016	0.527655724	0.500549424	0.520381854	0.462775523	0.469910606	0.443095494	0.532323671	0.512105886	0.518652816	0.455375808	0.501025965	0.490074382	0.527874379
0.443117298	0.464145475	1	0.547783301	0.476217566	0.528423314	0.527588478	0.52197595	0.479236526	0.565483498	0.51082585	0.508437216	0.528330757	0.521041571	0.463684593	0.576572434	0.557091614	0.533324583	0.543788832	0.54070742	0.55752564	0.556272643	0.496056864	0.542571345	0.527090835	0.515666968	0.526779194	0.538999492	0.533861361	0.480072745	0.45408519	0.515371291	0.48945236	0.54544363	0.552198231	0.470542349	0.547768105	0.575629715	0.534639185	0.54711504	0.560584541	0.574715994	0.525605238	0.523249925	0.51420653	0.511689106	0.538142709	0.517635617	0.507434705	0.490414086	0.478766898	0.501635872	0.502024677	0.490952664	0.516076851	0.535529664	0.553265054	0.533273286	0.491459617	0.496147245	0.496965146	0.548615083	0.49485554	0.494059016	0.512043949	0.524441841	0.533000022	0.512432166	0.54704077	0.524891909	0.547237559	0.543001583	0.498109488	0.470858287	0.521559538	0.546489333	0.535081507	0.554316034	0.495841352	0.555785074	0.514589423	0.494656241	0.450042037	0.536924365	0.477538082	0.533800423	0.54626525	0.539023718	0.490449605	0.494314309	0.533320883	0.549152537	0.518516777	0.545013219	0.450063726
0.457348711	0.4779261	0.547783301	1	0.538385961	0.575871035	0.560601181	0.588554457	0.496751205	0.527805204	0.523329425	0.504770438	0.513541126	0.50537838	0.481579667	0.523158166	0.55364531	0.537915625	0.534921647	0.543310845	0.493957511	0.516175828	0.502365581	0.522962964	0.521075891	0.524485703	0.524131375	0.505812214	0.522864963	0.49997331	0.484839091	0.533928435	0.515201701	0.549746457	0.565468301	0.483834373	0.562388483	0.55805606	0.551252342	0.563467062	0.559530227	0.563110601	0.545188682	0.543793223	0.539243534	0.524546756	0.543017119	0.543298392	0.505416152	0.505950949	0.506281026	0.508774778	0.53735453	0.50177819	0.523443442	0.538919831	0.532880533	0.531821151	0.486447004	0.508561919	0.477917726	0.521650239	0.500387441	0.512629298	0.510943643	0.520487376	0.529830313	0.510983312	0.510241519	0.533591495	0.526725819	0.517866087	0.510158119	0.48160088	0.530914022	0.50077619	0.528901626	0.547942806	0.50195566	0.525735136	0.487707539	0.493145771	0.483599219	0.52157538	0.489672437	0.516040676	0.499358727	0.521140175	0.513313707	0.488919642	0.553149011	0.542064348	0.531540135	0.553114462	0.458977336
0.51611853	0.507476492	0.476217566	0.538385961	1	0.576492434	0.581803069	0.571386009	0.492221972	0.449117112	0.53453528	0.512092038	0.483935492	0.500251114	0.504593022	0.464079808	0.516274064	0.538570598	0.478885048	0.489532836	0.445209757	0.460537315	0.522838428	0.440750694	0.534856597	0.534695518	0.510293183	0.431045192	0.530937001	0.518697064	0.512358177	0.520224615	0.549905147	0.473870665	0.536930124	0.516909858	0.546757806	0.512760757	0.556556595	0.544051379	0.548669468	0.512547174	0.553765757	0.553290064	0.532236592	0.52195565	0.529350482	0.537237156	0.498057118	0.508077793	0.523315271	0.540173034	0.540485152	0.538832682	0.530252832	0.517166711	0.454125795	0.52228842	0.491261101	0.489316812	0.511834435	0.501696486	0.533000298	0.547113598	0.5200936	0.465159393	0.462416034	0.44599249	0.44438415	0.533799071	0.459461937	0.394044589	0.505624525	0.513249955	0.44848277	0.401740729	0.472233824	0.495335843	0.500660432	0.444760242	0.48310335	0.508612743	0.512259104	0.505551136	0.539500131	0.487801559	0.477090643	0.437507338	0.551700456	0.502839009	0.523750116	0.465573697	0.493380358	0.502992665	0.507440617
0.518577386	0.511585899	0.528423314	0.575871035	0.576492434	1	0.565645133	0.596944246	0.518076414	0.494737185	0.558493783	0.509019711	0.503528345	0.502669291	0.508581133	0.493377994	0.55296662	0.559937652	0.508191982	0.521099296	0.47049219	0.487387424	0.540721766	0.464141374	0.557078523	0.548745455	0.531602556	0.446564367	0.543769052	0.53843136	0.515089229	0.533668074	0.563868042	0.508732127	0.574731911	0.535559033	0.573635216	0.541671396	0.574489337	0.5685925	0.577819607	0.5466363	0.566152304	0.575058182	0.560036584	0.539882184	0.538484244	0.558189576	0.537017172	0.544166525	0.549753002	0.568533679	0.565709192	0.532060174	0.546410377	0.540718553	0.496529577	0.539127525	0.510821689	0.514352986	0.506779878	0.509690783	0.530342534	0.549759983	0.539638004	0.488114699	0.498830182	0.48299989	0.479534081	0.547654627	0.490815144	0.441953112	0.530322297	0.513116049	0.488721961	0.45222035	0.512953249	0.539360107	0.531923898	0.485779163	0.532847327	0.509051969	0.52171357	0.522507661	0.535749736	0.491660501	0.481073726	0.482912615	0.547510465	0.521515389	0.558710634	0.493866872	0.5206968	0.538363045	0.517827134
0.494954143	0.494549419	0.527588478	0.560601181	0.581803069	0.565645133	1	0.580312095	0.494411989	0.501619753	0.531537105	0.524113855	0.512831181	0.52001581	0.490165794	0.509189307	0.541531669	0.536805299	0.518898839	0.511534445	0.491056329	0.532561304	0.51115651	0.518689462	0.53517892	0.544601815	0.534809687	0.499509858	0.540715919	0.510153154	0.498400473	0.531899366	0.533246892	0.510189472	0.551241191	0.506199495	0.558301205	0.545422556	0.547714758	0.551654477	0.554655868	0.552606272	0.548608601	0.549402796	0.533569949	0.532953027	0.541252195	0.552357479	0.514812351	0.509569873	0.505542638	0.514136232	0.536647132	0.523761575	0.532711737	0.528290186	0.512111457	0.539652056	0.486751698	0.502462504	0.510891489	0.53837493	0.522571478	0.534082932	0.525788722	0.506790412	0.50025498	0.507253829	0.50062841	0.546443491	0.504244367	0.466117473	0.503909088	0.509493984	0.482010158	0.466545341	0.502308331	0.519525554	0.49895108	0.501341619	0.485956904	0.514855219	0.489815425	0.526253132	0.518869418	0.521844231	0.522995522	0.486471162	0.535363922	0.49585722	0.532561562	0.511304664	0.50883427	0.528393149	0.477864221
0.501707842	0.511548365	0.52197595	0.588554457	0.571386009	0.596944246	0.580312095	1	0.508165964	0.498231652	0.547061957	0.517578347	0.509876154	0.519520671	0.502100415	0.502371078	0.546540441	0.553111135	0.512466561	0.526872597	0.479499732	0.508375986	0.527074395	0.494009622	0.550285036	0.553842505	0.541214963	0.474007327	0.54173794	0.51918188	0.503438137	0.541307297	0.548561634	0.516819819	0.574811148	0.515168034	0.5718358	0.549247445	0.571377705	0.566923546	0.568198678	0.555710112	0.569240251	0.568418918	0.561233698	0.543241559	0.552455385	0.556796607	0.529432096	0.534334917	0.544383311	0.534277591	0.557607866	0.531240858	0.543496076	0.540891533	0.500401396	0.544316858	0.494118461	0.510622138	0.508644274	0.531813997	0.527076455	0.540974871	0.535230715	0.50828016	0.51302892	0.504885769	0.495418862	0.541394728	0.504301306	0.459767636	0.527598519	0.510730465	0.495420011	0.45218244	0.504276022	0.53451473	0.519947933	0.491828806	0.503551457	0.517017863	0.511888879	0.526990852	0.529593138	0.516511168	0.508791503	0.487876088	0.548586763	0.502861957	0.546127327	0.510766014	0.527427145	0.54529814	0.495482486
0.525515508	0.521852899	0.479236526	0.496751205	0.492221972	0.518076414	0.494411989	0.508165964	1	0.471028734	0.538615894	0.515778099	0.49942016	0.518404604	0.516218822	0.447298516	0.49492805	0.523060223	0.467168264	0.483102046	0.430842712	0.449928559	0.527062628	0.441917786	0.515097813	0.525008356	0.509253171	0.412645786	0.506592139	0.542547375	0.501810742	0.511818991	0.546256795	0.479134521	0.52903017	0.515849145	0.526345726	0.509355952	0.548436119	0.525541735	0.514586885	0.506337533	0.530777599	0.535609189	0.521517314	0.527110155	0.504542884	0.519556977	0.512868478	0.515811967	0.51514872	0.506042131	0.536284261	0.515767312	0.52794833	0.510880635	0.46334494	0.519777629	0.518622433	0.538784342	0.508051024	0.487105005	0.522984946	0.503962282	0.522396605	0.475456358	0.495519111	0.471168158	0.458063968	0.496313306	0.454687183	0.427367034	0.541688738	0.538345814	0.488024779	0.418441257	0.487367769	0.515928399	0.52753757	0.460047962	0.484601482	0.513868324	0.534353514	0.504147157	0.528704051	0.481646662	0.482299483	0.485416351	0.536420955	0.523563599	0.524892208	0.480579911	0.524908945	0.516126056	0.527442386
0.424434664	0.45492466	0.565483498	0.527805204	0.449117112	0.494737185	0.501619753	0.498231652	0.471028734	1	0.503613184	0.499623756	0.528971701	0.526455333	0.47765145	0.552268446	0.533596517	0.507716805	0.501147723	0.522785792	0.542244364	0.530699015	0.474988711	0.554695443	0.488347764	0.485039433	0.52596081	0.524799473	0.497632406	0.469434344	0.437057131	0.503587217	0.468930497	0.55851582	0.52359332	0.456869932	0.517809036	0.561058657	0.513263784	0.521929628	0.520781368	0.549311297	0.495443681	0.488936283	0.488922473	0.516616064	0.518723642	0.495980738	0.495123867	0.458910674	0.457751604	0.486714389	0.47788626	0.47397005	0.493994889	0.52505113	0.552355382	0.514897957	0.476081892	0.51389883	0.498000446	0.540182334	0.471005883	0.469231496	0.510012903	0.543695081	0.539343662	0.522261091	0.557257515	0.515052383	0.557694911	0.579001198	0.497664322	0.455931337	0.544769961	0.569470234	0.556551255	0.552043034	0.493331003	0.565518185	0.50162037	0.468601485	0.434424283	0.521804946	0.470287702	0.535358101	0.545897313	0.561026564	0.476189414	0.477488755	0.509441537	0.547153558	0.514467921	0.529554	0.425919622
0.524709313	0.5314203	0.51082585	0.523329425	0.53453528	0.558493783	0.531537105	0.547061957	0.538615894	0.503613184	1	0.539643203	0.528872626	0.533613422	0.544626378	0.494153918	0.540556587	0.561942755	0.492651511	0.507262384	0.460875956	0.485549673	0.545733181	0.470441447	0.552872626	0.5469186	0.52865491	0.451150909	0.540709176	0.549866326	0.520368305	0.551632851	0.556830797	0.52044999	0.564014503	0.536292619	0.568001925	0.546550634	0.57755387	0.566330171	0.562667686	0.545602433	0.566205534	0.568795743	0.558254944	0.563533804	0.536286734	0.536730587	0.536164424	0.540943166	0.554511993	0.560967624	0.560111026	0.541805511	0.557346328	0.549191176	0.497760184	0.545492387	0.530485408	0.540265838	0.537724826	0.538101055	0.554090755	0.541579583	0.555106174	0.516783659	0.52261823	0.479954735	0.492456856	0.53703539	0.497586346	0.456784195	0.5453342	0.539079546	0.517429974	0.450937138	0.523650573	0.531386372	0.553571737	0.502669875	0.513325484	0.515014825	0.521015521	0.541779323	0.548419935	0.502936319	0.506698118	0.507318904	0.550539988	0.538904243	0.545155159	0.511090597	0.53306697	0.536410505	0.530114762
0.492867664	0.49963869	0.508437216	0.504770438	0.512092038	0.509019711	0.524113855	0.517578347	0.515778099	0.499623756	0.539643203	1	0.545017196	0.549464535	0.542985433	0.495595036	0.513923911	0.527557734	0.502620142	0.527010241	0.472741435	0.50414572	0.520614856	0.494921272	0.530483775	0.533995714	0.523610024	0.485188488	0.53431485	0.529759992	0.486460658	0.542107201	0.528423973	0.507774749	0.530239798	0.495581315	0.53920854	0.520865469	0.536108105	0.53308217	0.529844434	0.525503653	0.530103428	0.528415292	0.509019456	0.539359418	0.531132607	0.533714287	0.522653205	0.511682419	0.519272249	0.522506395	0.534626003	0.547810471	0.537986941	0.542992775	0.516823042	0.540202047	0.510376814	0.519885844	0.542250609	0.53982215	0.533161772	0.508440233	0.52803217	0.491976796	0.500450011	0.496087744	0.508492699	0.503461421	0.498391113	0.456259969	0.524525568	0.517126818	0.484908127	0.469710349	0.505942706	0.499487567	0.519090085	0.505961759	0.475020947	0.505110036	0.485986065	0.519960148	0.51445959	0.509453103	0.516686519	0.491685062	0.529860902	0.517026253	0.520144848	0.503123842	0.516493793	0.5203101	0.496853733
0.457595334	0.464014778	0.528330757	0.513541126	0.483935492	0.503528345	0.512831181	0.509876154	0.49942016	0.528971701	0.528872626	0.545017196	1	0.567176388	0.512232223	0.536777528	0.537872986	0.536385151	0.516338647	0.531396815	0.503617767	0.516157942	0.52397569	0.515287133	0.507526167	0.513347073	0.522945957	0.508349726	0.531471088	0.497553824	0.468840055	0.527660066	0.506019326	0.526100546	0.540586015	0.480863247	0.544317624	0.549251761	0.538104903	0.542397185	0.536861208	0.552168491	0.541012827	0.528298006	0.504225536	0.541666816	0.536174275	0.504412034	0.506742292	0.479868985	0.488534613	0.49695129	0.508524879	0.519332207	0.533231774	0.517776405	0.526055826	0.527982527	0.49925105	0.513845042	0.523896201	0.536329474	0.513653158	0.497024968	0.505818392	0.506402949	0.516187094	0.50900776	0.528493907	0.51397478	0.525617904	0.502366002	0.509374271	0.493271036	0.505379275	0.500454574	0.518288293	0.516950821	0.511181468	0.531664986	0.47517647	0.502476362	0.454586192	0.524457735	0.50940088	0.513795418	0.527276606	0.51707954	0.504437014	0.507360427	0.506188954	0.524084676	0.517270166	0.537177544	0.459483529
0.486820611	0.500110274	0.521041571	0.50537838	0.500251114	0.502669291	0.52001581	0.519520671	0.518404604	0.526455333	0.533613422	0.549464535	0.567176388	1	0.53271812	0.51760653	0.519998232	0.527673887	0.494835512	0.512832183	0.495060974	0.507745389	0.523082371	0.519803085	0.523891662	0.516803943	0.53862309	0.49573558	0.528810603	0.507259497	0.490229551	0.526481486	0.508932577	0.522246845	0.521184042	0.500498918	0.530553568	0.540500251	0.537561773	0.53192952	0.521488902	0.543553976	0.535885086	0.519454374	0.50193766	0.552989569	0.532643713	0.522148196	0.510671278	0.494809965	0.49636326	0.519141995	0.528026871	0.518531739	0.542264304	0.540475473	0.519491215	0.534597783	0.503042575	0.530088279	0.534174261	0.543333289	0.523238246	0.51063002	0.530919755	0.529176686	0.52633454	0.521864213	0.537254515	0.51434935	0.516963044	0.506545393	0.515243664	0.529025099	0.506441223	0.484776072	0.515834107	0.5177369	0.520055634	0.520801687	0.472083469	0.513918853	0.483373829	0.535199625	0.514611197	0.51767299	0.546926678	0.517804537	0.533242679	0.509245384	0.514603602	0.515414122	0.530891492	0.540734455	0.47332769
0.509941119	0.504310358	0.463684593	0.481579667	0.504593022	0.508581133	0.490165794	0.502100415	0.516218822	0.47765145	0.544626378	0.542985433	0.512232223	0.53271812	1	0.4405825	0.506278252	0.519332945	0.438971101	0.464422495	0.416353475	0.435754171	0.501080196	0.443525241	0.501410897	0.513711399	0.520255761	0.403891733	0.490653034	0.544050496	0.521202525	0.539569887	0.519128975	0.499951265	0.512372474	0.513698978	0.506564153	0.485350246	0.523466349	0.509652555	0.495199766	0.483539233	0.5030433	0.503988188	0.51359953	0.548687147	0.504845966	0.513178372	0.512518257	0.518561325	0.52313869	0.536077037	0.527507531	0.524164502	0.531387608	0.523781015	0.486140704	0.5136865	0.511730174	0.532875776	0.526300381	0.50215413	0.516205162	0.508357108	0.522254269	0.484457555	0.510596379	0.453536186	0.463566275	0.476488614	0.465506451	0.425676106	0.547782866	0.51064552	0.498830878	0.426908222	0.503734846	0.497884653	0.534688303	0.469718894	0.478275451	0.482100924	0.511991314	0.509106322	0.529064341	0.466871438	0.473552061	0.484780566	0.535726781	0.51892138	0.518184634	0.491958323	0.523867822	0.506556363	0.506493069
0.420518691	0.438933192	0.576572434	0.523158166	0.464079808	0.493377994	0.509189307	0.502371078	0.447298516	0.552268446	0.494153918	0.495595036	0.536777528	0.51760653	0.4405825	1	0.563620446	0.539512827	0.558071749	0.534584448	0.581828509	0.557736316	0.490681889	0.543405942	0.50750584	0.49175587	0.527060984	0.553543015	0.53235605	0.434467221	0.419678387	0.487136928	0.45673348	0.545134684	0.542710199	0.451227038	0.540599992	0.57616391	0.520089725	0.546947407	0.559695185	0.582805222	0.522884714	0.517107603	0.502843491	0.500702031	0.522663413	0.492154922	0.468740631	0.446044483	0.456615658	0.466041523	0.461148487	0.476872606	0.496336001	0.518628907	0.529159663	0.529147876	0.460092855	0.463738858	0.48905621	0.551768948	0.491903942	0.46201806	0.49036014	0.523028114	0.517218209	0.499941946	0.544913675	0.527254745	0.541974522	0.536858037	0.462482316	0.455344136	0.514187266	0.549762957	0.521431796	0.521342548	0.463026499	0.560289487	0.473243086	0.473803041	0.418368139	0.544368443	0.464194903	0.555022289	0.552364392	0.528655109	0.46284509	0.462984823	0.495929846	0.549300071	0.490875703	0.538668041	0.414154558
0.480221727	0.484783429	0.557091614	0.55364531	0.516274064	0.55296662	0.541531669	0.546540441	0.49492805	0.533596517	0.540556587	0.513923911	0.537872986	0.519998232	0.506278252	0.563620446	1	0.580746523	0.551223356	0.550286955	0.539312933	0.544177823	0.517255101	0.528283879	0.547440259	0.545184719	0.55398189	0.518128794	0.542934001	0.517018901	0.495185412	0.545370254	0.525871493	0.540225764	0.577826981	0.507736495	0.574155237	0.569601141	0.563488376	0.575414048	0.575022691	0.571903965	0.551879913	0.556377148	0.554694027	0.543395358	0.566830642	0.54539924	0.5302533	0.518372569	0.52102783	0.5412962	0.530662977	0.521434682	0.534692873	0.550374177	0.555412099	0.556817072	0.511515025	0.524748651	0.513641752	0.543092159	0.528859567	0.523962445	0.535032616	0.539324862	0.540992992	0.504766932	0.528327482	0.537217409	0.551743638	0.506323203	0.519199889	0.494872546	0.539280759	0.517353995	0.547284839	0.54395912	0.523964939	0.542729212	0.520230371	0.493322357	0.497389265	0.543403766	0.514965798	0.5279036	0.527317436	0.533802816	0.508368604	0.517491987	0.546633042	0.554616377	0.538123298	0.562380759	0.487943227
0.523688128	0.524921223	0.533324583	0.537915625	0.538570598	0.559937652	0.536805299	0.553111135	0.523060223	0.507716805	0.561942755	0.527557734	0.536385151	0.527673887	0.519332945	0.539512827	0.580746523	1	0.52634129	0.528165216	0.495824428	0.510292571	0.540434957	0.484642375	0.55696737	0.547237081	0.549463039	0.472120895	0.544897165	0.531781308	0.513923281	0.549583081	0.547811784	0.522688429	0.572519583	0.517981095	0.578686295	0.55574799	0.576506087	0.574734577	0.578063172	0.55269098	0.566861734	0.569738656	0.56282481	0.555677258	0.552099343	0.547629519	0.531837845	0.528069984	0.548755247	0.555140794	0.553924934	0.54562496	0.559684872	0.558526888	0.514600482	0.559804629	0.522555197	0.525263244	0.535276165	0.535743139	0.542498153	0.538734101	0.541244584	0.520291773	0.523689352	0.469733588	0.488135512	0.542976462	0.503935048	0.454544454	0.546500199	0.528884275	0.510060935	0.465312641	0.521803193	0.535622723	0.542063075	0.51170511	0.525245878	0.506180631	0.508347658	0.550604699	0.547533437	0.532075703	0.519985735	0.512804865	0.545449034	0.533916558	0.544282157	0.523792781	0.531578006	0.555604067	0.529370851
0.44354891	0.444757036	0.543788832	0.534921647	0.478885048	0.508191982	0.518898839	0.512466561	0.467168264	0.501147723	0.492651511	0.502620142	0.516338647	0.494835512	0.438971101	0.558071749	0.551223356	0.52634129	1	0.565023309	0.574912153	0.549516657	0.498227595	0.516598743	0.510607835	0.50489031	0.510803368	0.537467625	0.534708264	0.468961604	0.440658581	0.507010909	0.485906045	0.497273022	0.547036895	0.461004745	0.549881615	0.551824665	0.529386382	0.554010822	0.551447485	0.565403353	0.535723442	0.53187103	0.488401566	0.503196663	0.527839697	0.50927471	0.489315359	0.466865168	0.47116373	0.476088981	0.4949921	0.505006738	0.494956865	0.498091334	0.518477492	0.521612335	0.465399222	0.461643134	0.482217439	0.536757159	0.501335388	0.489270554	0.49492711	0.501066143	0.495146291	0.492942041	0.498626736	0.52091567	0.523879447	0.498129494	0.46459959	0.464091196	0.47772765	0.499421837	0.506558688	0.506344444	0.452835185	0.522359818	0.456756234	0.490400597	0.456891732	0.511507282	0.477032495	0.515093113	0.517037342	0.483645716	0.462950928	0.468981412	0.497547657	0.521521231	0.491091271	0.527465177	0.432978659
0.437402271	0.447448586	0.54070742	0.543310845	0.489532836	0.521099296	0.511534445	0.526872597	0.483102046	0.522785792	0.507262384	0.527010241	0.531396815	0.512832183	0.464422495	0.534584448	0.550286955	0.528165216	0.565023309	1	0.554598023	0.531330932	0.499655671	0.519882297	0.507000329	0.509062217	0.516813673	0.52120953	0.530498492	0.478605845	0.437679446	0.518956681	0.50281744	0.515146665	0.551407403	0.463476426	0.556870363	0.563884965	0.540821557	0.547387207	0.543178955	0.557442231	0.540415021	0.53477576	0.498704556	0.513536469	0.532445545	0.524928012	0.518745201	0.487356507	0.494678719	0.496912681	0.502526615	0.506022784	0.514560783	0.522804843	0.534372926	0.520973183	0.473224253	0.48680075	0.491852572	0.529511869	0.491577747	0.487350819	0.504645669	0.504802073	0.512593628	0.510051107	0.526418543	0.517778862	0.528615949	0.497859081	0.483939607	0.473711505	0.50544518	0.510524332	0.528511522	0.5207112	0.484516157	0.524068878	0.484407423	0.488783518	0.454221904	0.507072598	0.478185698	0.528968941	0.5097107	0.511638346	0.483758314	0.48141244	0.509289375	0.516591198	0.504694797	0.534663319	0.446781401
0.408107429	0.413317989	0.55752564	0.493957511	0.445209757	0.47049219	0.491056329	0.479499732	0.430842712	0.542244364	0.460875956	0.472741435	0.503617767	0.495060974	0.416353475	0.581828509	0.539312933	0.495824428	0.574912153	0.554598023	1	0.55557028	0.467672534	0.528882762	0.481103005	0.478670394	0.500900219	0.549946303	0.514187133	0.426117725	0.396872125	0.462666464	0.429867213	0.507011761	0.502566566	0.427859771	0.501114761	0.558706211	0.498597688	0.514022359	0.524684109	0.553177937	0.493304726	0.488531499	0.46562108	0.476732224	0.511846471	0.479357626	0.4639226	0.426669265	0.445764585	0.445030001	0.445176537	0.463522713	0.47586345	0.488369371	0.511544687	0.493502979	0.429940326	0.444275322	0.473670424	0.544832973	0.46117306	0.444880927	0.486849617	0.515218582	0.487805128	0.500090685	0.537554474	0.509064019	0.536728642	0.522330076	0.43353711	0.433847239	0.487402955	0.558030066	0.519369116	0.503727049	0.447375349	0.534660994	0.459000546	0.464251145	0.40153287	0.511840477	0.44245672	0.528410145	0.544807553	0.507598139	0.440813256	0.429969733	0.472377985	0.524905198	0.470556783	0.495939116	0.388052371
0.405764811	0.425764824	0.556272643	0.516175828	0.460537315	0.487387424	0.532561304	0.508375986	0.449928559	0.530699015	0.485549673	0.50414572	0.516157942	0.507745389	0.435754171	0.557736316	0.544177823	0.510292571	0.549516657	0.531330932	0.55557028	1	0.494908344	0.591007081	0.499395846	0.498417366	0.505125002	0.572429043	0.527847605	0.454858526	0.421080093	0.499053026	0.456280855	0.530035172	0.514884645	0.438873552	0.539262278	0.562478956	0.507898758	0.526085723	0.541980095	0.565257994	0.511506923	0.50571328	0.484592692	0.495662818	0.537577957	0.510706807	0.488854463	0.458601387	0.457600303	0.472167186	0.474526755	0.487286042	0.508963849	0.513108468	0.563016465	0.525184684	0.458452416	0.476087194	0.495563224	0.562757476	0.481772042	0.473682338	0.48460847	0.520348455	0.517937665	0.51764861	0.545647398	0.503590568	0.539893767	0.522012453	0.462562476	0.451867415	0.50713936	0.54126948	0.506296712	0.516136584	0.467396244	0.543776161	0.460528597	0.473040548	0.416100596	0.517394056	0.447465748	0.533473211	0.549958187	0.524176336	0.461059885	0.461715407	0.495890526	0.538217158	0.485777597	0.526072825	0.410975111
0.511812617	0.515524428	0.496056864	0.502365581	0.522838428	0.540721766	0.51115651	0.527074395	0.527062628	0.474988711	0.545733181	0.520614856	0.52397569	0.523082371	0.501080196	0.490681889	0.517255101	0.540434957	0.498227595	0.499655671	0.467672534	0.494908344	1	0.461893033	0.537123261	0.539102608	0.527861701	0.435613067	0.540182101	0.519748285	0.510497301	0.512511868	0.545896696	0.482144994	0.54367105	0.513957615	0.55516486	0.527141434	0.563535725	0.550931572	0.546154798	0.525727586	0.551294594	0.557121745	0.530855794	0.538826427	0.525161958	0.525575431	0.511029895	0.508540654	0.518650569	0.537301012	0.539680371	0.53873123	0.554082716	0.521749895	0.466227379	0.540814013	0.511535491	0.51630729	0.525195753	0.507241719	0.515770002	0.524929868	0.521186718	0.472442073	0.48042165	0.460294245	0.463636663	0.521773057	0.470461773	0.428106462	0.524755494	0.530956768	0.48089479	0.421065901	0.501853688	0.517009066	0.522993039	0.471102766	0.484072141	0.514467053	0.511591165	0.524673522	0.523671037	0.489627438	0.486014144	0.477226228	0.522753696	0.520502915	0.52344502	0.486590728	0.512734783	0.527175257	0.511983141
0.389513428	0.405613193	0.542571345	0.522962964	0.440750694	0.464141374	0.518689462	0.494009622	0.441917786	0.554695443	0.470441447	0.494921272	0.515287133	0.519803085	0.443525241	0.543405942	0.528283879	0.484642375	0.516598743	0.519882297	0.528882762	0.591007081	0.461893033	1	0.473515089	0.472690501	0.515930779	0.582247348	0.508718676	0.432061348	0.413915	0.493494314	0.43359345	0.553039824	0.506044608	0.427760743	0.507229779	0.548874501	0.484989108	0.508847114	0.499971145	0.550983236	0.483574908	0.472493626	0.461999155	0.500233266	0.525065271	0.497512029	0.469163749	0.44208163	0.432550714	0.439941079	0.453673602	0.458322251	0.480704907	0.518557397	0.577337036	0.506870433	0.44328121	0.478165719	0.479310082	0.557300876	0.463672499	0.467032317	0.476771375	0.537220176	0.541780329	0.546201476	0.566760296	0.491144542	0.552473597	0.569721454	0.461428744	0.436860566	0.533603644	0.568251008	0.521226656	0.519485702	0.45948176	0.560743381	0.441590253	0.469600928	0.391783694	0.501457617	0.440235145	0.540725692	0.556916889	0.542336387	0.449163306	0.443175627	0.478074604	0.540669922	0.479146187	0.540691061	0.376875083
0.524407394	0.520121199	0.527090835	0.521075891	0.534856597	0.557078523	0.53517892	0.550285036	0.515097813	0.488347764	0.552872626	0.530483775	0.507526167	0.523891662	0.501410897	0.50750584	0.547440259	0.55696737	0.510607835	0.507000329	0.481103005	0.499395846	0.537123261	0.473515089	1	0.552414033	0.543327707	0.450704995	0.590128675	0.522722958	0.502397304	0.531314647	0.55614811	0.506202445	0.545361069	0.539284705	0.562890195	0.540325982	0.559569458	0.556792648	0.569648637	0.542607147	0.550196488	0.563591802	0.538295025	0.551881781	0.541025943	0.553385309	0.552245364	0.541616265	0.54646088	0.552162499	0.541705228	0.541606368	0.550040739	0.545907864	0.492823098	0.561017446	0.515050129	0.509765549	0.520720956	0.521741476	0.550172821	0.547386102	0.53702134	0.493926689	0.50351049	0.471226873	0.491875426	0.531199255	0.48971155	0.433401557	0.529207813	0.518044998	0.496713961	0.442380906	0.510156162	0.527613598	0.532852243	0.499586721	0.525416581	0.499479774	0.521491901	0.54332172	0.535848563	0.501858793	0.501440434	0.49212669	0.546254627	0.526569573	0.545609485	0.501075087	0.510502105	0.524864436	0.516955438
0.523718388	0.530178063	0.515666968	0.524485703	0.534695518	0.548745455	0.544601815	0.553842505	0.525008356	0.485039433	0.5469186	0.533995714	0.513347073	0.516803943	0.513711399	0.49175587	0.545184719	0.547237081	0.50489031	0.509062217	0.478670394	0.498417366	0.539102608	0.472690501	0.552414033	1	0.564520215	0.471304057	0.539364127	0.53565867	0.513928984	0.528889273	0.547602203	0.517243757	0.554378777	0.526701964	0.556605535	0.531379775	0.559161681	0.555375696	0.544200494	0.533515752	0.555300256	0.558755072	0.548358044	0.555209379	0.534268965	0.55375692	0.535275868	0.54478758	0.547884395	0.534406806	0.552862599	0.551731422	0.547768741	0.541288434	0.488513263	0.546254578	0.5177476	0.515132168	0.527054511	0.527100743	0.548059833	0.554686453	0.53580714	0.50790311	0.500921081	0.480465009	0.488444908	0.536290255	0.491632469	0.438600972	0.534185057	0.530294932	0.494022909	0.443744651	0.514610668	0.522522976	0.508555741	0.470621305	0.502328575	0.506787641	0.520757602	0.530071034	0.542215626	0.514331454	0.508455462	0.482245209	0.553102736	0.525928223	0.53556495	0.508163984	0.51635056	0.526033853	0.517087805
0.490741147	0.507697903	0.526779194	0.524131375	0.510293183	0.531602556	0.534809687	0.541214963	0.509253171	0.52596081	0.52865491	0.523610024	0.522945957	0.53862309	0.520255761	0.527060984	0.55398189	0.549463039	0.510803368	0.516813673	0.500900219	0.505125002	0.527861701	0.515930779	0.543327707	0.564520215	1	0.492794643	0.536790677	0.50202931	0.50159555	0.530918426	0.525326472	0.545163151	0.556520234	0.515586588	0.55261788	0.550410635	0.557907947	0.560237115	0.544532364	0.55802972	0.542293934	0.544219496	0.545531211	0.560035403	0.540519726	0.542781244	0.526754405	0.52851372	0.518395743	0.5298993	0.527148137	0.52815693	0.549133994	0.553005262	0.520868632	0.547920202	0.502561789	0.521140921	0.532180002	0.531007069	0.523918015	0.532603584	0.541711362	0.535603183	0.54201955	0.505838721	0.513888227	0.533416494	0.51815365	0.493819233	0.520681944	0.516618964	0.523979869	0.477709177	0.532842139	0.540231755	0.513266783	0.520054253	0.502329942	0.511967549	0.499333687	0.556669487	0.526421243	0.540240308	0.534958686	0.533058462	0.542463129	0.50973908	0.536433943	0.540756331	0.527441065	0.556299007	0.485843448
0.367484428	0.392544589	0.538999492	0.505812214	0.431045192	0.446564367	0.499509858	0.474007327	0.412645786	0.524799473	0.451150909	0.485188488	0.508349726	0.49573558	0.403891733	0.553543015	0.518128794	0.472120895	0.537467625	0.52120953	0.549946303	0.572429043	0.435613067	0.582247348	0.450704995	0.471304057	0.492794643	1	0.497696872	0.41258232	0.389812799	0.47465186	0.409321562	0.532627682	0.494303712	0.401527744	0.504024808	0.543900949	0.46926352	0.497920322	0.496839211	0.540482357	0.477403062	0.454680671	0.44500294	0.472784694	0.520111939	0.470527974	0.439446999	0.411760435	0.409092104	0.416212788	0.432343961	0.447276581	0.467084749	0.481950149	0.55755511	0.496926016	0.430417581	0.447187823	0.468561278	0.544145762	0.458352564	0.453766084	0.457532049	0.514091115	0.505034163	0.530250118	0.549300042	0.493203427	0.54219274	0.547838822	0.419359067	0.412928405	0.492196363	0.560639965	0.501030025	0.494343002	0.431954814	0.552838322	0.407789689	0.442499154	0.378921619	0.490554504	0.41916979	0.522590121	0.544765833	0.523435307	0.424425162	0.427396073	0.464917576	0.544746382	0.466129139	0.50763475	0.366069289
0.501273675	0.486627148	0.533861361	0.522864963	0.530937001	0.543769052	0.540715919	0.54173794	0.506592139	0.497632406	0.540709176	0.53431485	0.531471088	0.528810603	0.490653034	0.53235605	0.542934001	0.544897165	0.534708264	0.530498492	0.514187133	0.527847605	0.540182101	0.508718676	0.590128675	0.539364127	0.536790677	0.497696872	1	0.500393804	0.487544076	0.530029108	0.529637877	0.51209539	0.55574792	0.509996781	0.564465702	0.560146412	0.554656649	0.563098077	0.563778585	0.562112453	0.565724652	0.564994326	0.522702448	0.548758942	0.546144727	0.545214728	0.527326285	0.511944527	0.518888996	0.529988626	0.526200516	0.541734228	0.549105063	0.532714804	0.514013049	0.555199608	0.508401555	0.500745961	0.519738393	0.542008162	0.536828223	0.535718282	0.525690479	0.496697442	0.509879608	0.500895815	0.511920522	0.541924863	0.517387519	0.459483146	0.503924207	0.51661076	0.495816098	0.471911667	0.519606023	0.518242687	0.509186722	0.517231354	0.492146137	0.526797667	0.497985433	0.540907759	0.517662274	0.526539701	0.524115254	0.499152037	0.527521973	0.516377972	0.532365791	0.509395431	0.508934426	0.541926792	0.497189161
0.534391344	0.533841411	0.480072745	0.49997331	0.518697064	0.53843136	0.510153154	0.51918188	0.542547375	0.469434344	0.549866326	0.529759992	0.497553824	0.507259497	0.544050496	0.434467221	0.517018901	0.531781308	0.468961604	0.478605845	0.426117725	0.454858526	0.519748285	0.432061348	0.522722958	0.53565867	0.50202931	0.41258232	0.500393804	1	0.514363074	0.536945113	0.559444061	0.471366413	0.531209442	0.534897193	0.535056838	0.505044926	0.550141073	0.538458873	0.527186314	0.49684616	0.538896	0.54641741	0.528826694	0.525802383	0.511895515	0.527531148	0.526522394	0.52717122	0.531227192	0.542926194	0.551710441	0.528885185	0.541199005	0.513927622	0.481630061	0.533936343	0.538605559	0.536514388	0.529430051	0.507994766	0.539823883	0.532198633	0.536074969	0.473170904	0.488299854	0.466176485	0.461664719	0.497299432	0.451761362	0.415533107	0.558615418	0.531367861	0.491605308	0.419860629	0.481763632	0.506761106	0.537721966	0.458473954	0.496996855	0.499226582	0.54090112	0.493282722	0.542694307	0.452970187	0.458111058	0.465450088	0.543201364	0.544259553	0.533178535	0.475401508	0.529752766	0.503469608	0.550506014
0.512797973	0.500181347	0.45408519	0.484839091	0.512358177	0.515089229	0.498400473	0.503438137	0.501810742	0.437057131	0.520368305	0.486460658	0.468840055	0.490229551	0.521202525	0.419678387	0.495185412	0.513923281	0.440658581	0.437679446	0.396872125	0.421080093	0.510497301	0.413915	0.502397304	0.513928984	0.50159555	0.389812799	0.487544076	0.514363074	1	0.542902369	0.526788377	0.463804722	0.510683126	0.51769843	0.510739707	0.492848827	0.532847628	0.510606713	0.502867264	0.470633856	0.510434565	0.509181409	0.51964725	0.52048683	0.503789128	0.50321894	0.491977413	0.499072819	0.497073251	0.520294935	0.520169644	0.500997006	0.518194514	0.504555194	0.452985928	0.50323281	0.507687415	0.510962153	0.493928155	0.46654963	0.508355861	0.520801476	0.508680357	0.457982043	0.474923085	0.439942162	0.430968793	0.486870945	0.436706072	0.398419012	0.513849641	0.498564576	0.473568371	0.394128968	0.482923287	0.490898435	0.515933568	0.446415531	0.475246058	0.471474399	0.508240108	0.493366445	0.51300787	0.439432726	0.441159695	0.45099651	0.528426748	0.512344606	0.526292152	0.46437898	0.499176305	0.494229536	0.489243607
0.493585761	0.500964403	0.515371291	0.533928435	0.520224615	0.533668074	0.531899366	0.541307297	0.511818991	0.503587217	0.551632851	0.542107201	0.527660066	0.526481486	0.539569887	0.487136928	0.545370254	0.549583081	0.507010909	0.518956681	0.462666464	0.499053026	0.512511868	0.493494314	0.531314647	0.528889273	0.530918426	0.47465186	0.530029108	0.536945113	0.542902369	1	0.535720411	0.521436611	0.559344886	0.508487274	0.558306896	0.534592958	0.554478147	0.556216441	0.547475364	0.530024842	0.54449987	0.548236186	0.544129032	0.548218367	0.541301025	0.535528427	0.528363404	0.518607203	0.523019522	0.534686437	0.543252991	0.533658625	0.535346567	0.528033216	0.522178886	0.543889212	0.51824363	0.526595345	0.522056679	0.530807317	0.527804684	0.516767009	0.528179955	0.502998617	0.519403519	0.496502609	0.501717626	0.5177417	0.500076548	0.466745419	0.531042098	0.511892294	0.516983848	0.468209535	0.519765113	0.517956995	0.534840306	0.503990061	0.490425355	0.487666562	0.498411726	0.517601811	0.520131051	0.4992359	0.502155652	0.49936113	0.534294509	0.524758184	0.546539897	0.511477154	0.529685702	0.545198836	0.503604143
0.541915237	0.539729184	0.48945236	0.515201701	0.549905147	0.563868042	0.533246892	0.548561634	0.546256795	0.468930497	0.556830797	0.528423973	0.506019326	0.508932577	0.519128975	0.45673348	0.525871493	0.547811784	0.485906045	0.50281744	0.429867213	0.456280855	0.545896696	0.43359345	0.55614811	0.547602203	0.525326472	0.409321562	0.529637877	0.559444061	0.526788377	0.535720411	1	0.466436352	0.566170203	0.544254063	0.5745263	0.530905925	0.584103947	0.56745315	0.570960313	0.529260472	0.576776941	0.583018471	0.550238759	0.540218762	0.531058797	0.547444286	0.540490899	0.54017611	0.545670337	0.556460188	0.561349202	0.533706121	0.551437115	0.520185374	0.467642753	0.544789304	0.532497047	0.526896393	0.50962515	0.504533497	0.541278955	0.553491942	0.542391276	0.465171003	0.479668102	0.46416267	0.449382729	0.529076743	0.457196198	0.406799197	0.544655702	0.545992682	0.484526956	0.404508883	0.498278244	0.523516284	0.54125223	0.465786911	0.501159238	0.522947217	0.547298768	0.509969816	0.547974077	0.468352208	0.456325961	0.467210526	0.557115781	0.54291862	0.543411886	0.47469027	0.526362127	0.523047096	0.545850189
0.437475517	0.476851971	0.54544363	0.549746457	0.473870665	0.508732127	0.510189472	0.516819819	0.479134521	0.55851582	0.52044999	0.507774749	0.526100546	0.522246845	0.499951265	0.545134684	0.540225764	0.522688429	0.497273022	0.515146665	0.507011761	0.530035172	0.482144994	0.553039824	0.506202445	0.517243757	0.545163151	0.532627682	0.51209539	0.471366413	0.463804722	0.521436611	0.466436352	1	0.545632964	0.478334911	0.542212333	0.561431359	0.525324584	0.533428856	0.530254565	0.560192595	0.506007594	0.50005706	0.511891037	0.531336777	0.530024993	0.516368484	0.485968478	0.481789222	0.493917227	0.496994527	0.501354171	0.487094217	0.508112488	0.548695064	0.561574099	0.519552358	0.470409486	0.525964847	0.513776615	0.536577004	0.496037788	0.488719087	0.511140031	0.557275533	0.576853236	0.515102223	0.555882976	0.515682746	0.553485871	0.546339537	0.493246987	0.472417654	0.563485611	0.550757193	0.552195054	0.535060287	0.501152209	0.558589739	0.492323042	0.459707337	0.455237779	0.532994143	0.480899051	0.538793786	0.532804595	0.553705748	0.496843476	0.472480449	0.52648811	0.571719479	0.52601733	0.548941912	0.451359813
0.507314159	0.511729818	0.552198231	0.565468301	0.536930124	0.574731911	0.551241191	0.574811148	0.52903017	0.52359332	0.564014503	0.530239798	0.540586015	0.521184042	0.512372474	0.542710199	0.577826981	0.572519583	0.547036895	0.551407403	0.502566566	0.514884645	0.54367105	0.506044608	0.545361069	0.554378777	0.556520234	0.494303712	0.55574792	0.531209442	0.510683126	0.559344886	0.566170203	0.545632964	1	0.532662281	0.609722413	0.583124532	0.597803869	0.607660732	0.603647956	0.590105095	0.595378362	0.591022108	0.568149233	0.551350954	0.562754584	0.549653937	0.527174984	0.535940144	0.549026292	0.557715192	0.569060867	0.546264592	0.545517984	0.550213089	0.525788923	0.557503653	0.532914045	0.535624898	0.515114614	0.538429299	0.538901296	0.537920361	0.54093076	0.526793594	0.536956273	0.506628156	0.511562606	0.553952396	0.520808737	0.49597252	0.539295494	0.52329291	0.529776955	0.492414247	0.546923119	0.554121623	0.53592861	0.527391211	0.516516369	0.512742879	0.516104213	0.54177191	0.537652166	0.536574211	0.513575719	0.535919217	0.53376468	0.540671198	0.565164242	0.544553934	0.556191533	0.573847843	0.519260483
