1	0.991578487	0.937284632	0.951798424	0.982298582	0.976632247	0.967314061	0.968503793	0.985938715	0.919681424	0.981922945	0.963813714	0.951412246	0.962781125	0.981246866	0.919088256	0.954988572	0.97671307	0.938482906	0.942177883	0.915017913	0.917993816	0.980664152	0.89751877	0.981509886	0.979370739	0.969683719	0.885651554	0.968182406	0.980854559	0.984867626	0.969175836	0.985917438	0.935440222	0.96272894	0.9949663	0.964800768	0.950458105	0.978650671	0.96586509	0.961984723	0.946187106	0.968832024	0.973353171	0.973898574	0.97676252	0.962635654	0.974490076	0.963448936	0.973560498	0.977934422	0.979135775	0.981467091	0.97734161	0.981310628	0.972266077	0.913597204	0.972482899	0.979232475	0.968620958	0.972101232	0.95346301	0.983512298	0.985385103	0.983131928	0.942048118	0.947576494	0.924398896	0.909225944	0.972471309	0.923399389	0.870834793	0.980865877	0.989907086	0.944536075	0.870328399	0.945402202	0.958606532	0.974165888	0.913972269	0.962340145	0.973002511	0.991317286	0.965361151	0.989536339	0.941744216	0.936238368	0.922513261	0.990578124	0.981475335	0.976299162	0.932662065	0.968671717	0.952760041	0.986937178
0.991578487	1	0.949149834	0.960892329	0.982099743	0.979263983	0.971247549	0.976437153	0.989136165	0.934570939	0.989219944	0.974834848	0.962921652	0.972371078	0.986083978	0.932944044	0.964402908	0.98536556	0.945442471	0.951161175	0.923037587	0.930588724	0.98491771	0.911228321	0.98014213	0.984499357	0.978247735	0.902843483	0.970184125	0.984285425	0.985905373	0.98022617	0.985653683	0.953059442	0.97278139	0.987116985	0.974494443	0.958606879	0.983561541	0.974413239	0.96992367	0.95551177	0.975663976	0.978292182	0.985126158	0.980289261	0.971182621	0.978707901	0.963369278	0.974782744	0.982642471	0.983587838	0.985531966	0.980405943	0.98543553	0.978455411	0.9289968	0.981554323	0.983535056	0.97890734	0.978639121	0.962048459	0.983753331	0.979993594	0.987090857	0.95298072	0.959720302	0.938255513	0.929230766	0.975467073	0.93696015	0.893747784	0.986177136	0.992488017	0.957354865	0.888333966	0.95216429	0.966039819	0.982004038	0.931055128	0.964944028	0.974977947	0.989849497	0.972847714	0.989780202	0.951309788	0.94989447	0.937032209	0.990135551	0.986567243	0.979473	0.945527756	0.979413757	0.964681785	0.988954828
0.937284632	0.949149834	1	0.986685791	0.951875439	0.971066988	0.974122847	0.973046486	0.959548713	0.987982379	0.970487424	0.968264083	0.986047797	0.97531719	0.95344976	0.98771142	0.992194182	0.978141737	0.984328998	0.988948905	0.985548531	0.987074709	0.968078939	0.979121369	0.974102954	0.96684099	0.980540982	0.972264313	0.979600258	0.951980242	0.950646033	0.975419959	0.954784189	0.985106713	0.979779781	0.953976096	0.978916529	0.993594118	0.975814875	0.981533889	0.981374881	0.98945724	0.969151873	0.970182114	0.973427328	0.974773692	0.985461189	0.974810953	0.970062664	0.958864627	0.959057342	0.963498899	0.963474258	0.957555697	0.973058359	0.982843737	0.984615734	0.984475238	0.965528561	0.970455485	0.963512121	0.985090313	0.963862126	0.960155108	0.97564332	0.982270345	0.980960716	0.977093063	0.988303552	0.98030128	0.992421054	0.974983516	0.96548334	0.954808086	0.985530426	0.978898343	0.986646656	0.988289243	0.969369543	0.990850607	0.9675753	0.965026126	0.941983152	0.982284928	0.96013038	0.979155956	0.980732489	0.98535512	0.95575521	0.965497771	0.977864111	0.986368775	0.980376932	0.98596683	0.939428023
0.951798424	0.960892329	0.986685791	1	0.97037572	0.984251827	0.985918734	0.99191352	0.966637002	0.970883896	0.976912154	0.969439273	0.977747616	0.973037927	0.961758955	0.971108246	0.991676547	0.981124268	0.982164102	0.987223314	0.964354892	0.975522101	0.974276101	0.967373967	0.977727928	0.981666451	0.985880134	0.958324419	0.978807005	0.962263564	0.967386498	0.986263935	0.970656691	0.979381214	0.991462635	0.966962177	0.988026875	0.987622121	0.98538274	0.989696585	0.985927947	0.989785337	0.983136017	0.982560763	0.986622564	0.982720263	0.990521148	0.984753024	0.973877434	0.975582025	0.973157449	0.972666109	0.980948566	0.970010518	0.980844391	0.984475222	0.975590598	0.987899982	0.969048029	0.972617124	0.961043286	0.980217284	0.970691857	0.975212819	0.978210274	0.978852585	0.97893214	0.973814201	0.970813205	0.98363856	0.979101449	0.956602907	0.973342197	0.964334173	0.978577041	0.951717093	0.981468901	0.989431742	0.971254461	0.971794069	0.959725681	0.96823954	0.961798349	0.980252925	0.971993549	0.976518962	0.969564284	0.974958477	0.968694966	0.968624786	0.987854506	0.981070698	0.986437554	0.991132493	0.951477697
0.982298582	0.982099743	0.951875439	0.97037572	1	0.988640571	0.987096845	0.987694237	0.972841296	0.930424552	0.984562506	0.971700816	0.965307639	0.97032499	0.97034863	0.940607169	0.968548259	0.980894078	0.958402781	0.958840291	0.932702711	0.942600352	0.984775078	0.921757216	0.987079254	0.987936939	0.977211784	0.916709671	0.982309739	0.974162726	0.980778472	0.978436482	0.98603546	0.946226236	0.978192914	0.981215785	0.9818159	0.96457557	0.986655553	0.980358422	0.981527346	0.967916873	0.986559229	0.986022752	0.980930029	0.980705897	0.980817782	0.985339529	0.969368699	0.97314263	0.980356537	0.983258134	0.98643919	0.984503313	0.983100383	0.974474234	0.931536197	0.982788076	0.968753415	0.962529375	0.97424681	0.96840826	0.984836059	0.989367696	0.98083657	0.946851275	0.94704417	0.938034401	0.932144095	0.984131051	0.941720477	0.893930201	0.971249075	0.981567139	0.940049667	0.893678504	0.947018397	0.965030307	0.972495746	0.928593645	0.953022294	0.975030473	0.977789588	0.976105743	0.990726439	0.957482735	0.952260662	0.930062996	0.989785896	0.972231379	0.9790503	0.945106772	0.970277354	0.967266334	0.974700037
0.976632247	0.979263983	0.971066988	0.984251827	0.988640571	1	0.984743613	0.99263811	0.977218692	0.950533815	0.990219675	0.967558736	0.968508779	0.96854492	0.970229349	0.950413873	0.981754556	0.986089937	0.96610112	0.973268534	0.944999079	0.953283317	0.985647474	0.932159303	0.991574178	0.987089517	0.980890627	0.923209045	0.982135599	0.977043936	0.981629881	0.984289531	0.988571377	0.960208687	0.989148641	0.984149046	0.988054564	0.97722191	0.992218058	0.987839719	0.989894524	0.977014699	0.98802553	0.990027242	0.991720915	0.985124753	0.984940035	0.990218368	0.982708167	0.984709226	0.9875291	0.991677737	0.991968596	0.975378303	0.984846199	0.983907105	0.951169931	0.986565254	0.976452706	0.970132859	0.967038862	0.970576064	0.98211161	0.986399376	0.985521028	0.959756941	0.962383207	0.9505228	0.946289793	0.988408127	0.95852507	0.915547007	0.979313043	0.976808228	0.961799125	0.91809585	0.970305652	0.98341679	0.983277033	0.949238901	0.975753729	0.970507084	0.979698107	0.97562522	0.987732545	0.959158052	0.952269209	0.95130624	0.985086134	0.978571721	0.990038196	0.957510025	0.982662158	0.977746804	0.976974283
0.967314061	0.971247549	0.974122847	0.985918734	0.987096845	0.984743613	1	0.992184375	0.971118956	0.959963394	0.980338177	0.980312257	0.977744877	0.981667934	0.965217185	0.96408073	0.97965749	0.979239153	0.97722234	0.978806495	0.96166653	0.973995497	0.978140214	0.962889961	0.985538563	0.989106342	0.986118556	0.955983888	0.987393142	0.967895296	0.969081281	0.980958462	0.974839821	0.969577775	0.980247636	0.974547869	0.98235772	0.981824849	0.983183346	0.983079344	0.980768544	0.984598008	0.984465057	0.981927939	0.978303917	0.984735439	0.988770041	0.990572581	0.974029986	0.972966953	0.972826932	0.972539796	0.982611044	0.979533961	0.984298152	0.983555721	0.962634112	0.987223061	0.968022437	0.967763961	0.973998172	0.986956723	0.980428902	0.985025557	0.982014914	0.969994783	0.965586962	0.972119719	0.965447169	0.989986031	0.971579759	0.936571079	0.969243757	0.978219837	0.960911908	0.935642514	0.966177991	0.977813652	0.969205244	0.960013346	0.956124953	0.980729291	0.967412166	0.982208417	0.979446054	0.976994143	0.97651833	0.958236392	0.98020312	0.969233677	0.981753466	0.969327704	0.978202328	0.979684842	0.959271564
0.968503793	0.976437153	0.973046486	0.99191352	0.987694237	0.99263811	0.992184375	1	0.973136082	0.954072587	0.985199007	0.974022952	0.971954946	0.974929697	0.968224026	0.957866205	0.982340638	0.984179848	0.971225546	0.978371617	0.950643543	0.963297411	0.981644121	0.948349536	0.985602253	0.990811245	0.986399989	0.94017054	0.981934131	0.971298477	0.977292952	0.987594648	0.98161066	0.969400431	0.990307129	0.97544277	0.988921823	0.981009324	0.990820258	0.989026709	0.987554675	0.982974169	0.989524775	0.989023237	0.990442331	0.986599326	0.98911859	0.991837082	0.97674565	0.981502844	0.984352119	0.981886711	0.987786707	0.978199209	0.985343077	0.984542635	0.956048056	0.988656059	0.969712476	0.970380414	0.96846569	0.97826199	0.979000328	0.9838336	0.983170171	0.970119292	0.96910204	0.964838863	0.958715087	0.987247905	0.965254739	0.929365015	0.975789949	0.975887803	0.963627731	0.925236514	0.968863048	0.981955875	0.975721692	0.95374075	0.961762594	0.972365673	0.972478986	0.978371685	0.981923379	0.969873262	0.963472163	0.954680104	0.98295751	0.972559811	0.9858727	0.96535469	0.982914111	0.983894129	0.966759289
0.985938715	0.989136165	0.959548713	0.966637002	0.972841296	0.977218692	0.971118956	0.973136082	1	0.946969818	0.988178642	0.981757252	0.975986873	0.980158441	0.988128439	0.937350575	0.96904656	0.983075249	0.956339254	0.967942172	0.935515933	0.939205723	0.989118697	0.924159119	0.980447729	0.981123491	0.980508491	0.913693303	0.975125993	0.989538012	0.983571497	0.983170747	0.988483451	0.956842539	0.97603331	0.988183199	0.974817089	0.968068547	0.985349535	0.97732	0.969045141	0.963981149	0.978698688	0.98034138	0.981849678	0.987315988	0.976797368	0.980483311	0.976334738	0.981298798	0.981670677	0.981108293	0.988077544	0.981112509	0.991532141	0.981140796	0.942787578	0.98466429	0.988462391	0.985384785	0.980952863	0.965325849	0.982546169	0.980338766	0.988894201	0.959045163	0.966509278	0.956692702	0.940364203	0.973666985	0.94678895	0.913541642	0.990343316	0.994316903	0.967465922	0.906308356	0.965800498	0.973323359	0.985806247	0.944687409	0.963464666	0.982159613	0.989692116	0.974181421	0.987479563	0.952776257	0.954988811	0.954487403	0.988701279	0.990049849	0.981775781	0.95492056	0.98610202	0.971456663	0.986712884
0.919681424	0.934570939	0.987982379	0.970883896	0.930424552	0.950533815	0.959963394	0.954072587	0.946969818	1	0.958071061	0.96052842	0.976691255	0.974408283	0.952200692	0.978699282	0.977041562	0.961893229	0.962289773	0.97085026	0.976640673	0.976735158	0.94941503	0.980132489	0.957300506	0.950412295	0.974100032	0.966603982	0.958849461	0.937837777	0.933127443	0.960083941	0.931822885	0.987286762	0.958413124	0.940234795	0.955320811	0.979823425	0.954206669	0.959581962	0.956721341	0.973597726	0.943846685	0.943884638	0.95486642	0.96816984	0.972416974	0.961684081	0.958362921	0.945142073	0.945435144	0.950182901	0.950049039	0.944867202	0.957544444	0.976969112	0.983788034	0.968825176	0.951214615	0.970668839	0.958562161	0.977776345	0.946885526	0.940674777	0.964700104	0.981521966	0.979408483	0.972084398	0.985445073	0.959947667	0.990013766	0.985476209	0.959665623	0.942761656	0.985304132	0.988442219	0.984028338	0.981692343	0.963336851	0.989154527	0.955966666	0.944056986	0.926547613	0.975159453	0.945411028	0.971736051	0.983283455	0.991373076	0.942469948	0.949709987	0.964058191	0.986309529	0.971211562	0.972896333	0.923132873
0.981922945	0.989219944	0.970487424	0.976912154	0.984562506	0.990219675	0.980338177	0.985199007	0.988178642	0.958071061	1	0.983534422	0.979914296	0.98196643	0.986006173	0.954771025	0.980715105	0.99100809	0.964921014	0.973136812	0.947614841	0.957300393	0.992056733	0.936799198	0.992347484	0.991004299	0.985249967	0.93004566	0.985888041	0.986591604	0.98503294	0.988863601	0.991092821	0.968302557	0.986980446	0.986242433	0.988008785	0.979875066	0.994180141	0.989133729	0.987013722	0.977942579	0.988706754	0.990095521	0.99231994	0.991406219	0.987746591	0.991620896	0.984245852	0.98786183	0.992973202	0.992040908	0.993364689	0.985747666	0.994141282	0.988311647	0.955212593	0.99309134	0.988805991	0.985576798	0.982007494	0.979809461	0.992517539	0.987633615	0.99249942	0.968451448	0.971812848	0.956735336	0.953454667	0.985678266	0.964050828	0.923410105	0.988411976	0.989085917	0.971997095	0.923644683	0.975729748	0.982248107	0.991894499	0.956547352	0.973566078	0.976537331	0.983941469	0.984531717	0.993298269	0.964495918	0.963573225	0.959755342	0.990473181	0.990370891	0.987988089	0.965507629	0.988921074	0.97890343	0.983657068
0.963813714	0.974834848	0.968264083	0.969439273	0.971700816	0.967558736	0.980312257	0.974022952	0.981757252	0.96052842	0.983534422	1	0.986575255	0.986527604	0.980958563	0.954720353	0.973698026	0.980334518	0.967438484	0.976613745	0.951034219	0.968016883	0.977840383	0.954760316	0.980856805	0.982537232	0.977568131	0.948814933	0.983705088	0.98274914	0.96505714	0.987869389	0.975330988	0.967561375	0.97236955	0.966487948	0.977011879	0.973299077	0.977863133	0.975819063	0.971304078	0.972453767	0.976853034	0.975505016	0.974489222	0.983879897	0.984342957	0.985023314	0.975860667	0.971808544	0.976633797	0.972294928	0.980845857	0.986703612	0.987050201	0.982076263	0.96194077	0.989489624	0.978868227	0.979346191	0.987774566	0.984625987	0.984106966	0.973083411	0.982181185	0.963182672	0.966025331	0.967283833	0.966103803	0.974411303	0.966708967	0.93423249	0.980256084	0.983582361	0.966418337	0.933452235	0.963564617	0.966499449	0.979880345	0.959649288	0.95343959	0.97812067	0.96785101	0.980898793	0.978979594	0.96789164	0.97496232	0.95907089	0.979752123	0.980228961	0.97495388	0.966312455	0.979804586	0.975417239	0.97211186
0.951412246	0.962921652	0.986047797	0.977747616	0.965307639	0.968508779	0.977744877	0.971954946	0.975986873	0.976691255	0.979914296	0.986575255	1	0.98966595	0.968195328	0.978377358	0.985555676	0.98352223	0.981994972	0.988763218	0.974223145	0.978378066	0.983917549	0.969507768	0.978263174	0.974701296	0.984787992	0.966800184	0.987722758	0.966608649	0.963549397	0.983106484	0.969821187	0.976736128	0.980383298	0.961699326	0.982604022	0.989178402	0.981650683	0.984358675	0.980447337	0.987811814	0.980495665	0.978416064	0.973913947	0.984617939	0.990536132	0.977585328	0.974011595	0.963415574	0.966462917	0.969366482	0.973487072	0.978385156	0.986394015	0.981860915	0.975392955	0.990932464	0.976147981	0.979433332	0.980195006	0.985661251	0.974929997	0.969887802	0.978121244	0.972131059	0.974033609	0.976545005	0.980180571	0.979435193	0.981745234	0.962077181	0.972761197	0.975045068	0.977058573	0.961083262	0.977235161	0.980709301	0.978849625	0.980855844	0.954043141	0.978126078	0.954832409	0.987954952	0.972723204	0.977486222	0.983679466	0.979508409	0.96983356	0.977902368	0.97661848	0.981571588	0.981825858	0.986910856	0.953874973
0.962781125	0.972371078	0.97531719	0.973037927	0.97032499	0.96854492	0.981667934	0.974929697	0.980158441	0.974408283	0.98196643	0.986527604	0.98966595	1	0.979013262	0.965931684	0.974295415	0.977020801	0.964183178	0.973322045	0.961874458	0.969152989	0.981007682	0.96655664	0.976670377	0.97538518	0.989498581	0.958122675	0.982451343	0.969337266	0.970591989	0.979590188	0.968078676	0.977553943	0.970733051	0.970163594	0.971457323	0.982363559	0.979192119	0.974298857	0.968649659	0.978307995	0.974060978	0.969572978	0.971035658	0.989058983	0.987059089	0.981676763	0.969782291	0.966109938	0.966544402	0.971503027	0.974863493	0.974977845	0.987888146	0.98551272	0.968448217	0.987005032	0.972423509	0.98609999	0.984636432	0.987310896	0.975507396	0.974043393	0.985295317	0.97818241	0.978492756	0.980849599	0.97564817	0.977244683	0.974663315	0.957308578	0.97562574	0.982572046	0.974245727	0.948958529	0.972037455	0.980100136	0.978571933	0.974626416	0.94865525	0.980584527	0.963344458	0.987484432	0.97663234	0.971932282	0.988435631	0.974666638	0.980020547	0.973942946	0.97367418	0.974321445	0.985126485	0.980895356	0.955589058
0.981246866	0.986083978	0.95344976	0.961758955	0.97034863	0.970229349	0.965217185	0.968224026	0.988128439	0.952200692	0.986006173	0.980958563	0.968195328	0.979013262	1	0.92828712	0.964142193	0.97740375	0.937876876	0.950365927	0.921062352	0.932781064	0.976523625	0.925511974	0.976397481	0.979558838	0.978741104	0.907094597	0.965765146	0.987580723	0.982361779	0.981285737	0.979430848	0.962230256	0.965909952	0.982167238	0.965830563	0.956527262	0.975597166	0.966278546	0.960747719	0.952331461	0.963955899	0.966930041	0.978458082	0.986838694	0.97250106	0.979452844	0.974601209	0.981817688	0.982546252	0.982764366	0.985813451	0.980939881	0.984834579	0.982353736	0.945130646	0.979743233	0.982320686	0.990342078	0.982753907	0.965000543	0.980562669	0.978391214	0.987637684	0.959939421	0.969964851	0.945542295	0.93858593	0.963998895	0.946696132	0.913752176	0.994681477	0.985618372	0.969232367	0.909066836	0.964951113	0.97206065	0.98773854	0.939865552	0.961136396	0.968822743	0.982011929	0.975994351	0.987196573	0.949700256	0.954071224	0.953656059	0.989402539	0.982395904	0.981370123	0.956160882	0.981774363	0.967097113	0.982546455
0.919088256	0.932944044	0.98771142	0.971108246	0.940607169	0.950413873	0.96408073	0.957866205	0.937350575	0.978699282	0.954771025	0.954720353	0.978377358	0.965931684	0.92828712	1	0.979878758	0.969011641	0.984599943	0.979481566	0.993718911	0.984403536	0.958289293	0.973241866	0.959136425	0.950921685	0.970829706	0.97553123	0.971797481	0.921962855	0.9240035	0.954477719	0.93299356	0.975401019	0.967628987	0.93434779	0.96878626	0.989041039	0.962939467	0.973122767	0.972543575	0.988069965	0.960269109	0.959837506	0.95393888	0.956161531	0.974273478	0.95781231	0.941585849	0.928488301	0.939035716	0.939126358	0.940550108	0.946319108	0.9576634	0.967467029	0.965315223	0.972276613	0.944040088	0.948707289	0.95203832	0.980756361	0.953045747	0.941022084	0.958486931	0.973657201	0.964051494	0.961685147	0.978896919	0.972916579	0.984981677	0.969736777	0.938413356	0.941279193	0.966106648	0.973738985	0.968426452	0.969724709	0.945825951	0.982249502	0.943930766	0.954089425	0.918557181	0.979078313	0.945533742	0.985009267	0.983493839	0.973538196	0.936103763	0.945393957	0.954489735	0.980198943	0.962510999	0.973170271	0.914793192
0.954988572	0.964402908	0.992194182	0.991676547	0.968548259	0.981754556	0.97965749	0.982340638	0.96904656	0.977041562	0.980715105	0.973698026	0.985555676	0.974295415	0.964142193	0.979878758	1	0.988566258	0.988556873	0.988203533	0.973884236	0.981712695	0.977268893	0.968336421	0.982470368	0.980426813	0.984274946	0.964948328	0.982393336	0.968722785	0.967552497	0.988094925	0.970719439	0.980152512	0.990112188	0.969632043	0.990089957	0.990408513	0.986167289	0.99176655	0.9889774	0.989322427	0.981597416	0.982509115	0.985781654	0.982201853	0.992719522	0.981749357	0.976141312	0.971713181	0.973101293	0.975405751	0.97776605	0.973834479	0.981292798	0.985148883	0.981094444	0.992565251	0.978576008	0.976793359	0.971267205	0.983775625	0.97694483	0.974534766	0.982295755	0.980363417	0.981326955	0.969213521	0.974815474	0.983491182	0.982473077	0.958781702	0.977453991	0.966957425	0.983549444	0.96078849	0.984174743	0.987137699	0.976239431	0.978535753	0.969508397	0.966533483	0.964351705	0.983959983	0.975398805	0.976793219	0.973973087	0.97747469	0.968237645	0.978568574	0.98882315	0.985938746	0.986115279	0.988874037	0.958058128
0.97671307	0.98536556	0.978141737	0.981124268	0.980894078	0.986089937	0.979239153	0.984179848	0.983075249	0.961893229	0.99100809	0.980334518	0.98352223	0.977020801	0.97740375	0.969011641	0.988566258	1	0.976120889	0.980302391	0.9588982	0.962983124	0.989520574	0.944216324	0.990301917	0.986457836	0.98870834	0.940405038	0.98533161	0.976981811	0.977197618	0.989630557	0.984935122	0.973751229	0.988882499	0.980015382	0.991999141	0.982513193	0.991310936	0.991242246	0.99081788	0.981970648	0.986013712	0.989770062	0.990315342	0.987228173	0.986787616	0.98756062	0.977394768	0.977548514	0.986563528	0.985848589	0.986204964	0.983543564	0.990538384	0.988783372	0.958897133	0.993307099	0.983652531	0.977862061	0.980771296	0.979062714	0.988621085	0.981474217	0.987290492	0.968772846	0.974643049	0.95332498	0.957150229	0.988109018	0.968655003	0.928750378	0.984605671	0.984397398	0.973764535	0.933900565	0.976287738	0.98261043	0.98699235	0.962241991	0.976190399	0.973571582	0.97716715	0.987783593	0.989421931	0.97664613	0.968118634	0.965016846	0.984272413	0.986948081	0.98918042	0.975450683	0.98456223	0.987437283	0.981973865
0.938482906	0.945442471	0.984328998	0.982164102	0.958402781	0.96610112	0.97722234	0.971225546	0.956339254	0.962289773	0.964921014	0.967438484	0.981994972	0.964183178	0.937876876	0.984599943	0.988556873	0.976120889	1	0.991252344	0.983694215	0.984050429	0.969821626	0.965047098	0.970978129	0.969018921	0.970676654	0.97045752	0.980938318	0.95042973	0.942094139	0.971939626	0.95847772	0.962973537	0.98133346	0.953423693	0.982489312	0.98849065	0.976180796	0.987476221	0.982041338	0.991959202	0.980456628	0.979461726	0.966938521	0.965726776	0.985409882	0.970459638	0.960828795	0.952243853	0.95477812	0.949104384	0.961724511	0.964336621	0.971543881	0.967659785	0.966373259	0.98331284	0.962977054	0.952484257	0.957762673	0.980968999	0.968592596	0.962879522	0.967496998	0.967266726	0.959726477	0.967448132	0.968009006	0.980003907	0.975426893	0.952240171	0.952045206	0.957083563	0.961696574	0.953359803	0.967201053	0.969762168	0.952251241	0.97002777	0.944713652	0.968663481	0.94660324	0.974786358	0.961381933	0.97628114	0.970624952	0.96389088	0.949645482	0.963005884	0.968815541	0.975703574	0.970788897	0.976334077	0.937556773
0.942177883	0.951161175	0.988948905	0.987223314	0.958840291	0.973268534	0.978806495	0.978371617	0.967942172	0.97085026	0.973136812	0.976613745	0.988763218	0.973322045	0.950365927	0.979481566	0.988203533	0.980302391	0.991252344	1	0.978974636	0.983093109	0.97681861	0.968153609	0.97776293	0.973094781	0.977856414	0.96589376	0.985208175	0.958684441	0.95216653	0.981165486	0.9677606	0.972549593	0.986650081	0.957349879	0.986408983	0.992851828	0.982044597	0.987787557	0.98454105	0.992850251	0.982974366	0.982852232	0.974849422	0.977633431	0.987570228	0.978786406	0.975106058	0.964986461	0.967181249	0.963459692	0.971490906	0.969440118	0.979882512	0.979118946	0.973190309	0.986960148	0.9686675	0.964279881	0.963109754	0.981252035	0.96951501	0.964572508	0.970973333	0.970615245	0.969490061	0.976078627	0.976812355	0.980645887	0.982097682	0.956831705	0.964156526	0.964086675	0.973899612	0.958547456	0.979173242	0.979227312	0.968755188	0.977343008	0.958522733	0.970817783	0.950574188	0.977149851	0.963158366	0.977835452	0.972213507	0.974327795	0.959528855	0.970497675	0.976311894	0.978376932	0.978875282	0.987085526	0.948685297
0.915017913	0.923037587	0.985548531	0.964354892	0.932702711	0.944999079	0.96166653	0.950643543	0.935515933	0.976640673	0.947614841	0.951034219	0.974223145	0.961874458	0.921062352	0.993718911	0.973884236	0.9588982	0.983694215	0.978974636	1	0.984586315	0.951922367	0.97124153	0.956238644	0.946227643	0.962516005	0.974556328	0.968699645	0.920963975	0.917852191	0.946920137	0.926817063	0.965774626	0.957580852	0.931856671	0.958087703	0.987381306	0.957302071	0.966401692	0.964318076	0.983154366	0.954337948	0.953406891	0.944256918	0.952245054	0.969533782	0.953266306	0.943154577	0.9253275	0.932416256	0.931232496	0.933122329	0.94073182	0.952995604	0.96058375	0.961054942	0.966835629	0.940362784	0.941791539	0.951164798	0.979655274	0.948374451	0.93790972	0.957128586	0.972738807	0.956326979	0.965704287	0.979299615	0.969512049	0.982875441	0.966462402	0.933125425	0.936158181	0.962139982	0.97548461	0.968764659	0.964566499	0.939725382	0.980164775	0.943146435	0.95082552	0.91322411	0.971923962	0.93843812	0.97618949	0.979499468	0.968006411	0.931339074	0.940408555	0.948458339	0.974293113	0.953643329	0.961114145	0.908700159
0.917993816	0.930588724	0.987074709	0.975522101	0.942600352	0.953283317	0.973995497	0.963297411	0.939205723	0.976735158	0.957300393	0.968016883	0.978378066	0.969152989	0.932781064	0.984403536	0.981712695	0.962983124	0.984050429	0.983093109	0.984586315	1	0.950673363	0.990115579	0.964310524	0.961074921	0.96760843	0.991908132	0.977132031	0.937545539	0.930744046	0.965757962	0.936361946	0.976378725	0.964067343	0.935479399	0.968756611	0.986701296	0.961641022	0.970511426	0.968645215	0.98518932	0.96112107	0.957041642	0.954907349	0.962514831	0.97912691	0.968680636	0.956528869	0.943340099	0.942609176	0.942530151	0.947060576	0.951431241	0.9631638	0.970113239	0.985106835	0.976849379	0.951524127	0.953288168	0.95775037	0.990194521	0.959780986	0.951525897	0.960949924	0.977693373	0.969830868	0.978735007	0.989780906	0.972290391	0.991782627	0.969942635	0.943072452	0.943124899	0.970280136	0.977216693	0.972851146	0.967417937	0.947394115	0.986961763	0.944380171	0.952922862	0.924318524	0.97266114	0.944134093	0.977685717	0.98399801	0.97246261	0.940713382	0.950288543	0.960754346	0.982291551	0.96412332	0.974192244	0.917861137
0.980664152	0.98491771	0.968078939	0.974276101	0.984775078	0.985647474	0.978140214	0.981644121	0.989118697	0.94941503	0.992056733	0.977840383	0.983917549	0.981007682	0.976523625	0.958289293	0.977268893	0.989520574	0.969821626	0.97681861	0.951922367	0.950673363	1	0.930885472	0.986753594	0.985437394	0.985574989	0.926696298	0.988544866	0.976447699	0.983886242	0.982636693	0.989311597	0.961315597	0.98892093	0.983880053	0.988622707	0.980888057	0.994933626	0.990307443	0.985972275	0.980281595	0.991940406	0.992089389	0.987695765	0.987968363	0.984873613	0.982484938	0.973575848	0.975129687	0.983010617	0.985482137	0.987729122	0.986709805	0.99343206	0.983267372	0.943680829	0.990348184	0.985028603	0.979848434	0.98032848	0.971460763	0.986308126	0.983741143	0.985991103	0.961122481	0.964154004	0.952538967	0.946394781	0.986532813	0.956847195	0.919684379	0.980675227	0.990651248	0.964245168	0.915443606	0.968078563	0.978015592	0.984250722	0.950838127	0.964399356	0.98269398	0.980085182	0.985108234	0.990141953	0.968202034	0.963018496	0.957392654	0.987562886	0.987921247	0.982611709	0.961490285	0.984948075	0.979585816	0.977629114
0.89751877	0.911228321	0.979121369	0.967373967	0.921757216	0.932159303	0.962889961	0.948349536	0.924159119	0.980132489	0.936799198	0.954760316	0.969507768	0.96655664	0.925511974	0.973241866	0.968336421	0.944216324	0.965047098	0.968153609	0.97124153	0.990115579	0.930885472	1	0.942931338	0.943813515	0.964150507	0.992235395	0.959351577	0.916845418	0.917588608	0.950828596	0.912085503	0.979824995	0.945454698	0.918708698	0.947688442	0.973205731	0.939698953	0.949184214	0.9439168	0.971258398	0.936306969	0.93034323	0.935959267	0.955148601	0.965767594	0.95364297	0.940829573	0.927820666	0.919581635	0.923775109	0.930296741	0.933976547	0.948705091	0.963513038	0.988956024	0.960146429	0.934152341	0.950651905	0.945067213	0.978925269	0.937013586	0.936136538	0.945473637	0.976002251	0.97290886	0.980250287	0.988888323	0.954218292	0.989601755	0.982890505	0.932377827	0.928443057	0.96907274	0.983559727	0.966923552	0.963241287	0.932926637	0.98611217	0.924844809	0.939082124	0.904761093	0.96303404	0.924584834	0.972081424	0.984233861	0.979095632	0.925591711	0.931742181	0.948753053	0.9828152	0.955337072	0.970057607	0.892376647
0.981509886	0.98014213	0.974102954	0.977727928	0.987079254	0.991574178	0.985538563	0.985602253	0.980447729	0.957300506	0.992347484	0.980856805	0.978263174	0.976670377	0.976397481	0.959136425	0.982470368	0.990301917	0.970978129	0.97776293	0.956238644	0.964310524	0.986753594	0.942931338	1	0.988718183	0.981614014	0.934624885	0.991312626	0.981029468	0.978492948	0.985780565	0.989436288	0.962981271	0.982650183	0.986404383	0.986518243	0.981738942	0.990825175	0.985793392	0.988858082	0.97876806	0.985056372	0.988892908	0.984720043	0.989042056	0.986874844	0.993222617	0.988574476	0.984239246	0.989546725	0.989442162	0.988804263	0.984280065	0.989861767	0.98847295	0.955421191	0.990684115	0.982177713	0.972991178	0.978372896	0.982052919	0.991901683	0.989740365	0.987860106	0.963032669	0.965112252	0.953453004	0.954594318	0.990286177	0.966941975	0.917574057	0.982053196	0.983000381	0.965962122	0.92812931	0.974039231	0.980546893	0.987493884	0.956120973	0.979638017	0.975832538	0.977421413	0.982801221	0.989887851	0.968025207	0.962845611	0.954117038	0.988106933	0.984905601	0.988578289	0.963600271	0.97947684	0.978125266	0.980300293
0.979370739	0.984499357	0.96684099	0.981666451	0.987936939	0.987089517	0.989106342	0.990811245	0.981123491	0.950412295	0.991004299	0.982537232	0.974701296	0.97538518	0.979558838	0.950921685	0.980426813	0.986457836	0.969018921	0.973094781	0.946227643	0.961074921	0.985437394	0.943813515	0.988718183	1	0.985330153	0.937010325	0.984896916	0.982353896	0.983839215	0.987995718	0.9850385	0.968519063	0.986082954	0.982701128	0.987682931	0.976100909	0.99008151	0.988811077	0.983041799	0.977585686	0.987821008	0.988308357	0.99051572	0.990184712	0.986587518	0.991652694	0.980460493	0.986814462	0.989216671	0.98282346	0.990394577	0.991396237	0.990776635	0.985694867	0.954078746	0.991201433	0.984831498	0.979458624	0.981511248	0.979810631	0.991011375	0.991537432	0.987754264	0.97072415	0.970468109	0.958480801	0.952410942	0.986029663	0.963408372	0.918594151	0.984567477	0.98674649	0.966899176	0.919283687	0.971162165	0.976443822	0.979647715	0.947187983	0.967351208	0.973177757	0.980847049	0.981197564	0.988715807	0.970069911	0.962375064	0.95279671	0.988921656	0.985715399	0.987935089	0.96802356	0.981289645	0.977195775	0.977428838
0.969683719	0.978247735	0.980540982	0.985880134	0.977211784	0.980890627	0.986118556	0.986399989	0.980508491	0.974100032	0.985249967	0.977568131	0.984787992	0.989498581	0.978741104	0.970829706	0.984274946	0.98870834	0.970676654	0.977856414	0.962516005	0.96760843	0.985574989	0.964150507	0.981614014	0.985330153	1	0.954458934	0.983148837	0.966505814	0.977121765	0.982828889	0.973209953	0.987892257	0.984398979	0.977599419	0.984505505	0.985733274	0.986602564	0.985175764	0.980520387	0.985636078	0.980171333	0.979198862	0.984034728	0.992796568	0.987393878	0.987636968	0.972666991	0.975108218	0.975982676	0.979066214	0.982078915	0.978242007	0.990412957	0.992618131	0.969722405	0.98958276	0.974721584	0.985724219	0.981527898	0.983583553	0.980554928	0.981909513	0.988037441	0.984425118	0.988013374	0.972263649	0.969137989	0.985236766	0.977823656	0.951837935	0.981066589	0.983425607	0.980595532	0.947201607	0.982541551	0.988737104	0.979333661	0.972023279	0.964257157	0.976269572	0.970260044	0.992117432	0.982952971	0.984336625	0.983058251	0.979776745	0.985021799	0.976394744	0.986675467	0.985483862	0.988710922	0.991712619	0.964332147
0.885651554	0.902843483	0.972264313	0.958324419	0.916709671	0.923209045	0.955983888	0.94017054	0.913693303	0.966603982	0.93004566	0.948814933	0.966800184	0.958122675	0.907094597	0.97553123	0.964948328	0.940405038	0.97045752	0.96589376	0.974556328	0.991908132	0.926696298	0.992235395	0.934624885	0.937010325	0.954458934	1	0.956571284	0.907601585	0.906977422	0.944786495	0.904046669	0.967192869	0.940901648	0.905618893	0.946748791	0.970539533	0.93657765	0.94944737	0.943921719	0.970843054	0.93865633	0.929435978	0.928518292	0.942716277	0.962384146	0.943934122	0.927394093	0.913315239	0.90836102	0.912203699	0.91826906	0.927855497	0.942866134	0.948206975	0.981173708	0.957581023	0.926236713	0.935724879	0.940899083	0.976697084	0.933870835	0.927864056	0.937286054	0.968463368	0.95978559	0.974682307	0.984980094	0.950380812	0.982391089	0.974355517	0.915845086	0.919873628	0.955892127	0.977155513	0.956215774	0.948637225	0.91932659	0.982705418	0.909185457	0.931804699	0.894881989	0.957675384	0.917021679	0.966596768	0.980332361	0.966811	0.914566571	0.923947339	0.937196325	0.977547279	0.944036246	0.961545127	0.882090101
0.968182406	0.970184125	0.979600258	0.978807005	0.982309739	0.982135599	0.987393142	0.981934131	0.975125993	0.958849461	0.985888041	0.983705088	0.987722758	0.982451343	0.965765146	0.971797481	0.982393336	0.98533161	0.980938318	0.985208175	0.968699645	0.977132031	0.988544866	0.959351577	0.991312626	0.984896916	0.983148837	0.956571284	1	0.96822548	0.970978934	0.981764997	0.979082329	0.968801961	0.984015465	0.97383861	0.989003935	0.988520051	0.989504527	0.987710755	0.988150131	0.988120353	0.987968279	0.986810699	0.979556584	0.984544318	0.987879676	0.987583441	0.975940389	0.969593104	0.974501198	0.97826343	0.979807574	0.98352762	0.990492812	0.986170613	0.962629256	0.992037132	0.978226083	0.971495758	0.980248396	0.987324149	0.988783596	0.984070217	0.982605554	0.967094265	0.967165017	0.963594485	0.966375986	0.993030584	0.975770703	0.933004608	0.969888391	0.980679336	0.966462199	0.938173272	0.972097736	0.976675418	0.975621428	0.966752858	0.965555327	0.983627108	0.964315826	0.988697137	0.982065941	0.980595785	0.976599863	0.962190191	0.980796151	0.9796017	0.981460769	0.97048519	0.979765041	0.983242202	0.963620645
0.980854559	0.984285425	0.951980242	0.962263564	0.974162726	0.977043936	0.967895296	0.971298477	0.989538012	0.937837777	0.986591604	0.98274914	0.966608649	0.969337266	0.987580723	0.921962855	0.968722785	0.976981811	0.95042973	0.958684441	0.920963975	0.937545539	0.976447699	0.916845418	0.981029468	0.982353896	0.966505814	0.907601585	0.96822548	1	0.981185245	0.987169744	0.988383032	0.944240706	0.969884017	0.983189754	0.970853493	0.956857635	0.979857528	0.972669223	0.966838272	0.952960458	0.974497687	0.976774435	0.980077428	0.981976575	0.977078146	0.980979484	0.982581514	0.986511457	0.985267238	0.981700537	0.988498529	0.980945243	0.984183681	0.972650054	0.942565089	0.983091145	0.986914419	0.978894055	0.977813868	0.963530947	0.982901417	0.981061383	0.986263931	0.949461646	0.956008584	0.948011716	0.934983803	0.965106306	0.938579212	0.900576872	0.990689638	0.984109979	0.957942636	0.89846851	0.956685608	0.963945461	0.984578324	0.933351075	0.959540929	0.969372082	0.988970132	0.962997652	0.986330358	0.934463492	0.940838936	0.937392011	0.985239951	0.987681627	0.980432546	0.944331548	0.978194541	0.959976237	0.988167848
0.984867626	0.985905373	0.950646033	0.967386498	0.980778472	0.981629881	0.969081281	0.977292952	0.983571497	0.933127443	0.98503294	0.96505714	0.963549397	0.970591989	0.982361779	0.9240035	0.967552497	0.977197618	0.942094139	0.95216653	0.917852191	0.930744046	0.983886242	0.917588608	0.978492948	0.983839215	0.977121765	0.906977422	0.970978934	0.981185245	1	0.982510089	0.985307556	0.949646102	0.97442279	0.986761446	0.973848202	0.959872842	0.985448004	0.97473769	0.969299989	0.955069776	0.976218514	0.975794986	0.985949472	0.985511702	0.974285889	0.974857431	0.96951107	0.97957785	0.978382548	0.98790526	0.985051992	0.980148983	0.986220609	0.976013893	0.938916668	0.980599515	0.984754087	0.982195888	0.973642569	0.957029304	0.977173836	0.986504299	0.981935319	0.954919718	0.962896616	0.942885131	0.931067394	0.97285027	0.939183529	0.899012528	0.985844469	0.983896226	0.962910313	0.894319874	0.961432044	0.97283701	0.982705472	0.934199799	0.961528745	0.965997841	0.985590262	0.969796459	0.984958279	0.942929846	0.942969434	0.94186441	0.989237232	0.985621448	0.985810971	0.948367251	0.976890788	0.968706725	0.976456894
0.969175836	0.98022617	0.975419959	0.986263935	0.978436482	0.984289531	0.980958462	0.987594648	0.983170747	0.960083941	0.988863601	0.987869389	0.983106484	0.979590188	0.981285737	0.954477719	0.988094925	0.989630557	0.971939626	0.981165486	0.946920137	0.965757962	0.982636693	0.950828596	0.985780565	0.987995718	0.982828889	0.944786495	0.981764997	0.987169744	0.982510089	1	0.985583744	0.969907388	0.987967687	0.975849247	0.989043592	0.978045261	0.989486523	0.987983072	0.984469184	0.976820105	0.986155296	0.986055081	0.991675601	0.989112058	0.991239678	0.988188433	0.982202658	0.983704413	0.986031951	0.986295415	0.990025534	0.985908116	0.990189704	0.985632191	0.968416515	0.994790701	0.98563007	0.983132242	0.980140908	0.979138708	0.983490374	0.980799301	0.985317819	0.9682421	0.974615744	0.965628125	0.963158095	0.980035859	0.966622702	0.93473828	0.988728395	0.980826902	0.976211686	0.933120032	0.974043231	0.980529588	0.98795498	0.961978395	0.96533794	0.971206421	0.97917301	0.979825684	0.984443306	0.96398447	0.964621445	0.962978329	0.98316916	0.986984153	0.990549773	0.971155487	0.987580246	0.986828304	0.978240278
0.985917438	0.985653683	0.954784189	0.970656691	0.98603546	0.988571377	0.974839821	0.98161066	0.988483451	0.931822885	0.991092821	0.975330988	0.969821187	0.968078676	0.979430848	0.93299356	0.970719439	0.984935122	0.95847772	0.9677606	0.926817063	0.936361946	0.989311597	0.912085503	0.989436288	0.9850385	0.973209953	0.904046669	0.979082329	0.988383032	0.985307556	0.985583744	1	0.942187041	0.982440918	0.987873743	0.983822664	0.966482418	0.990895463	0.983558416	0.982932211	0.966565574	0.988524627	0.992092243	0.985954367	0.984034128	0.980443873	0.985086586	0.983294165	0.987790282	0.990155379	0.988143945	0.993841423	0.98284166	0.989770592	0.974919988	0.934744128	0.985072238	0.982993147	0.970718065	0.967760941	0.962465682	0.985814072	0.988452283	0.982650926	0.943177902	0.950532501	0.941904078	0.929332373	0.978060756	0.939851785	0.893243124	0.983482475	0.985926121	0.95252583	0.892437728	0.958280678	0.971204112	0.986202452	0.932941534	0.961634001	0.978505346	0.987167203	0.969673348	0.991076109	0.945920526	0.93854896	0.936862842	0.988310786	0.98616385	0.984609952	0.94360596	0.978613649	0.97090874	0.986674289
0.935440222	0.953059442	0.985106713	0.979381214	0.946226236	0.960208687	0.969577775	0.969400431	0.956842539	0.987286762	0.968302557	0.967561375	0.976736128	0.977553943	0.962230256	0.975401019	0.980152512	0.973751229	0.962973537	0.972549593	0.965774626	0.976378725	0.961315597	0.979824995	0.962981271	0.968519063	0.987892257	0.967192869	0.968801961	0.944240706	0.949646102	0.969907388	0.942187041	1	0.971895181	0.949449918	0.971147688	0.981026962	0.966139045	0.970363379	0.965397709	0.979036918	0.956362267	0.955580473	0.970396452	0.977468434	0.974725734	0.973645146	0.958188462	0.956636424	0.957550856	0.95970657	0.960864854	0.958234103	0.970847163	0.987736523	0.982412591	0.977127203	0.960470849	0.979551125	0.968580702	0.979922576	0.961995238	0.955366076	0.972443485	0.989455635	0.993590742	0.971299156	0.981143772	0.96942409	0.989571509	0.972616823	0.967558416	0.958829472	0.987968463	0.970656949	0.985075202	0.982199889	0.964461559	0.982438903	0.961024107	0.952083261	0.94115284	0.982763843	0.957299713	0.98543758	0.985416283	0.989879673	0.959073679	0.960036664	0.973242487	0.992532746	0.98070101	0.985847598	0.938457154
0.96272894	0.97278139	0.979779781	0.991462635	0.978192914	0.989148641	0.980247636	0.990307129	0.97603331	0.958413124	0.986980446	0.97236955	0.980383298	0.970733051	0.965909952	0.967628987	0.990112188	0.988882499	0.98133346	0.986650081	0.957580852	0.964067343	0.98892093	0.945454698	0.982650183	0.986082954	0.984398979	0.940901648	0.984015465	0.969884017	0.97442279	0.987967687	0.982440918	0.971895181	1	0.973516842	0.996903482	0.986421462	0.994430461	0.996962727	0.993156748	0.989291448	0.993305481	0.993849597	0.994011279	0.98352876	0.989721556	0.984082963	0.97412299	0.977199623	0.983011827	0.981817252	0.987481988	0.980366628	0.985966021	0.983895389	0.959975466	0.99152601	0.97903324	0.975438685	0.967241773	0.972991689	0.979529811	0.977385816	0.980679284	0.9691712	0.971814059	0.958105865	0.956608085	0.984852276	0.967689101	0.937196086	0.97774869	0.974970008	0.97213164	0.931452567	0.975266255	0.983190431	0.977636156	0.959374381	0.965144422	0.97189477	0.972071045	0.981414095	0.981353217	0.973999301	0.961447238	0.965655088	0.975624623	0.98065014	0.987420484	0.972202068	0.988950206	0.988264203	0.966989286
