1	0.128391222	0.097043445	0.091601885	0.108287388	0.121612767	0.106382543	0.102878882	0.121695049	0.090387188	0.116450134	0.104757801	0.095997724	0.100347247	0.113254848	0.096147272	0.111621031	0.11514756	0.093491395	0.087496988	0.093829133	0.08532061	0.105630276	0.082290394	0.131069274	0.112102436	0.108755155	0.074369103	0.11716673	0.129656031	0.102562083	0.113990415	0.13988319	0.089654733	0.12407052	0.210715511	0.13437755	0.120184202	0.133854589	0.122810481	0.130945019	0.110103593	0.126879607	0.125560555	0.10426628	0.109552164	0.102488066	0.104026298	0.107260022	0.105970206	0.108023368	0.115350262	0.125957338	0.11161607	0.10786184	0.10144987	0.081930962	0.108565804	0.118041056	0.121327534	0.107435056	0.110813652	0.130420108	0.124263678	0.129869467	0.12037089	0.110201407	0.09775113	0.086049912	0.102100877	0.079422442	0.074065278	0.130679998	0.115287798	0.088361274	0.073347927	0.096869608	0.097465638	0.10722784	0.088401877	0.091378353	0.100854457	0.120484945	0.109462385	0.111525032	0.094695768	0.097794365	0.083642781	0.110874054	0.123365232	0.111963779	0.096747599	0.098627615	0.105690994	0.121772464
0.128391222	1	0.099519999	0.105875758	0.104835142	0.115252853	0.111460941	0.110869882	0.116434892	0.118277101	0.121707607	0.106043164	0.101393375	0.112595333	0.110013904	0.103296774	0.106616037	0.118590726	0.093127269	0.08999865	0.092581527	0.096157869	0.109362734	0.096328499	0.119930311	0.119188839	0.11833737	0.083731255	0.099599224	0.126341889	0.095820431	0.107827066	0.139412197	0.113891909	0.123186011	0.132559169	0.136806587	0.117664776	0.129604778	0.127963202	0.125862493	0.125755331	0.125853332	0.133382671	0.103365718	0.106689867	0.098263928	0.11117323	0.099840544	0.101598507	0.111386454	0.119130755	0.133380013	0.116004932	0.106995846	0.118167278	0.106766453	0.108345178	0.109812787	0.111477136	0.126745498	0.101900317	0.109632786	0.111220905	0.121052143	0.121094586	0.113682728	0.091568659	0.096416783	0.103859973	0.088372384	0.09735426	0.128449483	0.124438996	0.109165867	0.084722035	0.091880783	0.103997818	0.109884715	0.091147796	0.107832802	0.107011447	0.125854944	0.111451129	0.110216072	0.104728662	0.114662178	0.095774322	0.119878866	0.112067265	0.11344796	0.108241537	0.108980873	0.110290552	0.123967404
0.097043445	0.099519999	1	0.153875727	0.112315172	0.14325491	0.148907362	0.127804492	0.115759674	0.177998626	0.116614098	0.126053963	0.133561317	0.127248147	0.103585959	0.195014342	0.151782083	0.132193732	0.159127729	0.139215542	0.183304509	0.163343964	0.107781924	0.164005367	0.141627571	0.132911988	0.133433897	0.162808092	0.135483313	0.116082886	0.089177284	0.128671478	0.128171425	0.152310143	0.168844146	0.107515235	0.167869859	0.172549192	0.141981289	0.149721569	0.179963682	0.176106243	0.145576096	0.134735918	0.124424602	0.120847328	0.135451261	0.130424235	0.12155323	0.119494546	0.106288107	0.121756907	0.120510884	0.118748137	0.121164107	0.129915756	0.163172311	0.135372232	0.110917555	0.116726027	0.120874577	0.151752083	0.112701076	0.115620677	0.12234515	0.131078058	0.138455453	0.126154417	0.149419585	0.118173368	0.146967541	0.171647672	0.121672717	0.103385755	0.129054309	0.182040159	0.137133452	0.151837825	0.114876426	0.145367504	0.140989589	0.117393766	0.098851466	0.142234195	0.105061167	0.146693809	0.158178277	0.146025209	0.120795314	0.113136831	0.142449967	0.14459204	0.121536209	0.144340482	0.101079046
0.091601885	0.105875758	0.153875727	1	0.191245881	0.230124081	0.206154746	0.239913778	0.110664381	0.150657009	0.125586998	0.11565727	0.127679773	0.113060708	0.116346077	0.151113519	0.14879984	0.133467083	0.147590322	0.153856512	0.132695507	0.132888611	0.113086091	0.15296076	0.13277426	0.122734015	0.12298006	0.14284223	0.125933044	0.116691556	0.099969206	0.130287288	0.135882933	0.160268597	0.163791777	0.100466977	0.17123242	0.162373752	0.147580493	0.162588756	0.170410121	0.162567892	0.145296526	0.144457704	0.141626358	0.125070035	0.137741086	0.140211647	0.12357932	0.120744673	0.110368415	0.119900503	0.134936714	0.120029939	0.120953987	0.140721219	0.147470874	0.124813313	0.099639077	0.129529626	0.105562781	0.123843922	0.108858445	0.11873207	0.116375207	0.130619345	0.136057449	0.123898825	0.122450577	0.12024756	0.141054188	0.1581349	0.112092684	0.102804374	0.141956063	0.148530939	0.132835515	0.140077101	0.114427404	0.14378469	0.112731733	0.10835017	0.107233372	0.128810307	0.100989051	0.13266139	0.11905912	0.13855066	0.127152618	0.10192248	0.147693133	0.155547619	0.121562511	0.145180346	0.104520766
0.108287388	0.104835142	0.112315172	0.191245881	1	0.208921212	0.263144441	0.197687576	0.106454588	0.1111668	0.128247138	0.12275486	0.11148291	0.115195389	0.127473239	0.122397472	0.136656868	0.135580475	0.114500528	0.122247383	0.10709802	0.108933566	0.115132036	0.11134155	0.129063105	0.123996291	0.116312121	0.108549436	0.127119094	0.123162953	0.110475482	0.133101197	0.143006928	0.115557057	0.13925862	0.109761621	0.154952439	0.142541189	0.147370436	0.142223508	0.154372223	0.132170858	0.144057936	0.142031914	0.134199493	0.121460388	0.126956343	0.130430171	0.121940861	0.120068118	0.128695741	0.13380834	0.132076353	0.136149807	0.120519258	0.127211145	0.11451469	0.124295704	0.110318187	0.110525888	0.111061448	0.113129682	0.123945912	0.125812123	0.116734089	0.105145419	0.105426973	0.097213768	0.099261752	0.126964684	0.111374496	0.092004084	0.113581282	0.112376389	0.106211515	0.100304123	0.111993606	0.115349694	0.115560923	0.109018459	0.115745088	0.109439191	0.109492805	0.109392172	0.124541739	0.121418723	0.111314318	0.099735189	0.134065413	0.110577015	0.123417451	0.113116095	0.108528412	0.119308036	0.122428846
0.121612767	0.115252853	0.14325491	0.230124081	0.208921212	1	0.206784198	0.24917923	0.124784955	0.134015875	0.148016303	0.120350863	0.1274406	0.120371737	0.126881525	0.140834094	0.158000246	0.151935391	0.140244402	0.137553724	0.123262999	0.124644765	0.132236559	0.128147569	0.146639838	0.137592865	0.129625228	0.113838644	0.140979501	0.138244153	0.112673143	0.128578657	0.16378074	0.135441533	0.170259404	0.132202466	0.179688752	0.152925527	0.163390951	0.161569192	0.182173337	0.158245289	0.15624659	0.163006394	0.146775014	0.133105626	0.129715308	0.143771049	0.138625973	0.138835328	0.142642955	0.153312165	0.149279957	0.136132589	0.137207222	0.130937256	0.136692974	0.138140376	0.117877011	0.128882455	0.12397901	0.122102858	0.123939454	0.139987832	0.131992835	0.117973879	0.123328369	0.12382769	0.11851716	0.132083868	0.123238187	0.116448653	0.122270788	0.114669349	0.119631441	0.126727738	0.125873286	0.131127444	0.128929374	0.124453195	0.131703731	0.118362858	0.119646837	0.132541639	0.125989617	0.12584938	0.125503046	0.117962943	0.141325507	0.122985109	0.144059915	0.127155234	0.124402963	0.146510628	0.123627384
0.106382543	0.111460941	0.148907362	0.206154746	0.263144441	0.206784198	1	0.207678792	0.10982457	0.139720856	0.129575137	0.127137568	0.125351685	0.123420973	0.115867939	0.138111792	0.148362573	0.138976612	0.138678566	0.121131189	0.126640344	0.150898029	0.118435434	0.153002134	0.131435009	0.131439297	0.13361898	0.140688085	0.133454068	0.116320239	0.107325892	0.131118848	0.146572175	0.127190291	0.155633399	0.111709352	0.172504232	0.153581738	0.140851852	0.149992451	0.16501774	0.158405921	0.145503061	0.14678133	0.136405003	0.125604364	0.134596744	0.149118783	0.136877269	0.130759761	0.118909707	0.126936558	0.132409301	0.131058584	0.123565083	0.127428255	0.141434378	0.137248711	0.100574186	0.12156481	0.116121613	0.13373893	0.119496377	0.123695194	0.117597476	0.126043534	0.120771605	0.11901841	0.121555886	0.132112025	0.126830611	0.12957992	0.113698079	0.10916768	0.117070381	0.133569832	0.122861219	0.129251322	0.119007687	0.134989232	0.110747761	0.110811639	0.10855907	0.121099578	0.117212225	0.125240073	0.138785431	0.11838921	0.135010422	0.107951836	0.128378202	0.133473494	0.107342498	0.131538153	0.111892272
0.102878882	0.110869882	0.127804492	0.239913778	0.197687576	0.24917923	0.207678792	1	0.11291511	0.128071766	0.134860143	0.116947184	0.125101909	0.120888674	0.126316967	0.136146916	0.144673427	0.140952496	0.130168296	0.129575343	0.125194831	0.127651724	0.121951563	0.129897665	0.142583478	0.132956508	0.128683676	0.117679047	0.133031803	0.117940679	0.101342838	0.128030839	0.149794413	0.134087572	0.160222354	0.116741754	0.163646817	0.15547657	0.152370336	0.152801746	0.164623338	0.150287794	0.151614287	0.155162754	0.144132438	0.130821825	0.142025643	0.145281875	0.137328831	0.131998651	0.144017916	0.126250666	0.133935501	0.128700688	0.133332367	0.127886934	0.131349085	0.133119422	0.099288792	0.120747628	0.115107931	0.122511423	0.123449031	0.125377729	0.122776489	0.121639094	0.124679236	0.122259906	0.111266369	0.125948122	0.121202789	0.113646202	0.116732358	0.106443029	0.11495291	0.118170605	0.121057364	0.126731368	0.122476691	0.123701936	0.115680396	0.111298861	0.10756293	0.125242848	0.117226221	0.132329598	0.128222547	0.114457595	0.137855771	0.104180017	0.138283345	0.132587114	0.115223066	0.130915004	0.109644354
0.121695049	0.116434892	0.115759674	0.110664381	0.106454588	0.124784955	0.10982457	0.11291511	1	0.120357409	0.130133545	0.114862183	0.112194311	0.113956532	0.117783792	0.104549862	0.11418985	0.121643699	0.104874462	0.105354518	0.096335624	0.116881339	0.117693642	0.114820768	0.1219598	0.127133651	0.11210017	0.09565794	0.120969438	0.134368739	0.095209671	0.117320452	0.149977238	0.117428249	0.136397295	0.105935446	0.138656402	0.131938336	0.141937277	0.13011897	0.139419917	0.132649512	0.131381031	0.135968628	0.11834341	0.12196142	0.112672822	0.118752224	0.118584628	0.120578505	0.114362513	0.112671068	0.133577897	0.116734337	0.11517158	0.109201854	0.115553568	0.116591842	0.11805684	0.150250239	0.115757318	0.106439649	0.121121867	0.105625004	0.119441152	0.1126773	0.117734448	0.110360985	0.107769613	0.106405673	0.101556124	0.111667648	0.129077752	0.111868585	0.107724081	0.111116103	0.108122877	0.135968938	0.121516084	0.10590721	0.107300121	0.109841638	0.124224864	0.121183379	0.128555556	0.133773137	0.137389249	0.119740928	0.128682479	0.11815546	0.13076562	0.122854379	0.127424063	0.124793501	0.125555709
0.090387188	0.118277101	0.177998626	0.150657009	0.1111668	0.134015875	0.139720856	0.128071766	0.120357409	1	0.134641344	0.1411602	0.148724732	0.145076532	0.133632395	0.181255192	0.15546245	0.128938179	0.14301037	0.144581046	0.178144561	0.156687557	0.112524259	0.188091296	0.124726268	0.125333183	0.141490808	0.168091266	0.126644019	0.135160309	0.096340537	0.136626063	0.134283022	0.178610766	0.163143579	0.110566039	0.167256926	0.183428265	0.145463421	0.152941628	0.171120728	0.181297834	0.137481796	0.138308393	0.120293314	0.14174881	0.137562636	0.126948217	0.134793301	0.10683566	0.107929829	0.127619866	0.120514085	0.128121954	0.126018178	0.13108323	0.17897281	0.140312231	0.11502823	0.148704979	0.134310381	0.161404859	0.119187342	0.120044534	0.131185415	0.160092372	0.155074149	0.153970569	0.168972739	0.143901472	0.185058878	0.228470205	0.124153071	0.107261684	0.160381179	0.216265808	0.168708459	0.16547923	0.126664557	0.167165914	0.130994133	0.113722674	0.098776984	0.144729524	0.117489619	0.170391521	0.174354682	0.171888805	0.12452243	0.116877345	0.136094869	0.167994934	0.139230608	0.144631026	0.101091627
0.116450134	0.121707607	0.116614098	0.125586998	0.128247138	0.148016303	0.129575137	0.134860143	0.130133545	0.134641344	1	0.13508731	0.137392353	0.129674869	0.147948183	0.13499701	0.145475761	0.14547898	0.110577351	0.111965982	0.115999378	0.118710996	0.126376176	0.125727644	0.137681974	0.132116386	0.127150259	0.110634492	0.129758319	0.132554526	0.109517433	0.139888693	0.140268144	0.134421739	0.156689525	0.126213469	0.160389562	0.150972952	0.153059048	0.151548307	0.159788226	0.146896078	0.152722684	0.153984851	0.133784043	0.14505847	0.129802548	0.122702372	0.137711739	0.13306677	0.133794149	0.14095299	0.143110387	0.130802221	0.125564022	0.134222346	0.129807402	0.125204064	0.113662582	0.130332083	0.134386275	0.130841112	0.126799758	0.119272778	0.133945935	0.141191503	0.140888395	0.107790396	0.125855196	0.128087662	0.123477822	0.128285282	0.133818419	0.123943547	0.127121558	0.120768537	0.129030275	0.126662582	0.143328004	0.129274288	0.125629048	0.115410861	0.116645696	0.128549034	0.128593226	0.124589467	0.140888074	0.128870551	0.135959984	0.117904328	0.130031393	0.141240525	0.119705556	0.131316968	0.122889335
0.104757801	0.106043164	0.126053963	0.11565727	0.12275486	0.120350863	0.127137568	0.116947184	0.114862183	0.1411602	0.13508731	1	0.171629013	0.166180848	0.177728419	0.12843325	0.126707671	0.124410512	0.122683187	0.13058435	0.117972043	0.129033725	0.122992659	0.135347471	0.132282533	0.131424756	0.129942362	0.124865805	0.12906453	0.118096544	0.10548423	0.132597917	0.132236956	0.125263009	0.137854916	0.107946058	0.141239665	0.132748347	0.129006685	0.135504223	0.139274333	0.143459732	0.128826014	0.126822971	0.108452112	0.134323352	0.131162247	0.125606333	0.119698391	0.122816279	0.124608463	0.129770427	0.130625162	0.134859488	0.131517363	0.134505154	0.143766627	0.130602522	0.114246682	0.129321034	0.129329022	0.133170766	0.12066912	0.108048363	0.119034104	0.111725186	0.113978467	0.118368634	0.127435421	0.103470222	0.122014558	0.111877808	0.117878152	0.113816641	0.110984632	0.142892195	0.120862478	0.117179027	0.126850752	0.127834713	0.103505153	0.101475467	0.098704099	0.120110985	0.115089026	0.127804664	0.134478213	0.12337234	0.127227408	0.119204764	0.122008536	0.123141525	0.115345792	0.127172294	0.103828067
0.095997724	0.101393375	0.133561317	0.127679773	0.11148291	0.1274406	0.125351685	0.125101909	0.112194311	0.148724732	0.137392353	0.171629013	1	0.213086351	0.164207644	0.153893623	0.146020087	0.137665458	0.131207533	0.13509015	0.133927785	0.141500798	0.132836439	0.147709282	0.12169135	0.13126991	0.129344949	0.13436327	0.126291677	0.11304799	0.096809279	0.133327376	0.12577763	0.140650504	0.152331166	0.107673238	0.153583967	0.152109239	0.137086261	0.142927253	0.148551444	0.157802936	0.144163609	0.133117517	0.11509656	0.145633782	0.131649432	0.107586833	0.119941135	0.105807165	0.112173878	0.119196128	0.128975718	0.131744709	0.129728969	0.112902363	0.14490689	0.12584241	0.111097537	0.126318125	0.136645196	0.142913571	0.121722196	0.108804003	0.109285608	0.122712565	0.127814046	0.123836698	0.141790078	0.120674141	0.13622296	0.137038162	0.116141981	0.102455443	0.122816314	0.148556299	0.129237371	0.128196748	0.130078447	0.139794303	0.117412326	0.108419309	0.097303181	0.12449202	0.12612942	0.126530285	0.135164961	0.130228366	0.126052771	0.114090548	0.116426815	0.139565105	0.118131604	0.135778563	0.09233031
0.100347247	0.112595333	0.127248147	0.113060708	0.115195389	0.120371737	0.123420973	0.120888674	0.113956532	0.145076532	0.129674869	0.166180848	0.213086351	1	0.165772306	0.133957186	0.132658809	0.127886211	0.117758661	0.12789324	0.126737858	0.132247388	0.123534102	0.146761215	0.131514341	0.116574718	0.12411264	0.133017796	0.119939198	0.112105648	0.102776176	0.12530049	0.12284564	0.131942142	0.130180636	0.102038473	0.138273379	0.138705025	0.13381797	0.136538637	0.135942764	0.149384352	0.137567137	0.129247947	0.107664491	0.133725818	0.123491241	0.113903209	0.112151281	0.108483111	0.114070025	0.12577686	0.135582019	0.118991804	0.121927236	0.127622873	0.147851068	0.123150658	0.111175728	0.128453456	0.129708029	0.133145387	0.120746655	0.114025425	0.117799688	0.131192779	0.124448525	0.124868557	0.142777562	0.11483316	0.128846538	0.134199417	0.111697493	0.127142523	0.121610562	0.139494027	0.121899767	0.120589435	0.130608143	0.134644277	0.112189616	0.108120833	0.095525876	0.124242983	0.121222812	0.128794392	0.150782366	0.130589761	0.123352769	0.113391998	0.119436731	0.132270457	0.122822249	0.129137204	0.097091848
0.113254848	0.110013904	0.103585959	0.116346077	0.127473239	0.126881525	0.115867939	0.126316967	0.117783792	0.133632395	0.147948183	0.177728419	0.164207644	0.165772306	1	0.112926341	0.136953368	0.126829049	0.102134371	0.110452379	0.103518689	0.111524714	0.119337391	0.115820771	0.121842058	0.124123682	0.132616773	0.098001447	0.114206375	0.131336206	0.126227273	0.149459292	0.127706594	0.137774948	0.139570359	0.118835402	0.1330737	0.126374938	0.129968444	0.131188281	0.128285739	0.12737417	0.121878865	0.127366622	0.116045354	0.139322237	0.122305454	0.116131947	0.127113235	0.12229456	0.126139635	0.136607545	0.134860316	0.133128228	0.126113401	0.12464297	0.14004666	0.125721539	0.109456044	0.137349766	0.133087556	0.131848253	0.124060948	0.117768682	0.113331894	0.114396107	0.12807712	0.107807886	0.111559076	0.10021514	0.110775933	0.106869121	0.129955517	0.112508448	0.122218097	0.120583962	0.124072236	0.118124241	0.143378433	0.118664346	0.106681183	0.093868155	0.10948475	0.120598059	0.125990591	0.122503863	0.12333405	0.131133199	0.127520695	0.117421594	0.120116524	0.130333649	0.125885446	0.127806056	0.109326265
0.096147272	0.103296774	0.195014342	0.151113519	0.122397472	0.140834094	0.138111792	0.136146916	0.104549862	0.181255192	0.13499701	0.12843325	0.153893623	0.133957186	0.112926341	1	0.224978129	0.191037542	0.177146402	0.150768179	0.21336403	0.179021276	0.123767561	0.183267815	0.145512539	0.140598022	0.153083175	0.187468057	0.155474938	0.106742928	0.090637603	0.126028169	0.121588021	0.171663876	0.175354979	0.112645577	0.179147234	0.189390663	0.145227312	0.160543368	0.199535103	0.191848638	0.155735326	0.150648048	0.142463239	0.134638723	0.143298119	0.12700833	0.127938772	0.113411336	0.115553781	0.120675156	0.121726494	0.126581134	0.125402099	0.148194632	0.169297992	0.150968829	0.112014171	0.1148009	0.134598269	0.161933581	0.136492078	0.112563005	0.124893221	0.144656865	0.145558403	0.129487802	0.156856791	0.134579901	0.158311077	0.173018376	0.114300033	0.102507767	0.142896272	0.197925671	0.148950092	0.144061452	0.114670635	0.175593864	0.127007818	0.109749329	0.094425031	0.157955805	0.110800454	0.178857025	0.176574331	0.15414226	0.116434774	0.113531259	0.134731632	0.171127457	0.118502389	0.152489204	0.095847306
0.111621031	0.106616037	0.151782083	0.14879984	0.136656868	0.158000246	0.148362573	0.144673427	0.11418985	0.15546245	0.145475761	0.126707671	0.146020087	0.132658809	0.136953368	0.224978129	1	0.212195303	0.154810685	0.151572672	0.186970773	0.161647279	0.12791677	0.159199608	0.154101461	0.164858508	0.163706472	0.155450576	0.144637865	0.132953809	0.108084754	0.144711282	0.143028061	0.151907694	0.167802176	0.126312724	0.173025702	0.168841546	0.156770352	0.162767616	0.179451869	0.170652331	0.153829497	0.155877518	0.148047527	0.141948467	0.165002783	0.151544698	0.148495812	0.138156727	0.132808563	0.14982436	0.139959915	0.140424928	0.131397655	0.145178024	0.168800459	0.156946082	0.117280089	0.138949422	0.124333313	0.14450119	0.136303488	0.131399129	0.132642231	0.146407768	0.136614096	0.123481364	0.144884642	0.132971001	0.168450658	0.142655962	0.126108767	0.104998225	0.142301028	0.165565953	0.154025701	0.138304083	0.130814835	0.14975564	0.128948587	0.112783613	0.120129534	0.143591064	0.126873115	0.145946669	0.151098317	0.145778187	0.120896621	0.12197988	0.140627192	0.158079485	0.129377356	0.156982488	0.113388423
0.11514756	0.118590726	0.132193732	0.133467083	0.135580475	0.151935391	0.138976612	0.140952496	0.121643699	0.128938179	0.14547898	0.124410512	0.137665458	0.127886211	0.126829049	0.191037542	0.212195303	1	0.137943525	0.134019377	0.134550512	0.146436515	0.128328704	0.135687105	0.148431369	0.14593063	0.152075698	0.120320784	0.133666305	0.127071638	0.113401338	0.142619208	0.142885277	0.130789713	0.158455515	0.113992843	0.169538534	0.153123426	0.156194593	0.153690166	0.16940381	0.152287086	0.152118201	0.155122935	0.140371337	0.142810211	0.150721445	0.148525127	0.141732029	0.133716633	0.145201412	0.150473108	0.149339366	0.144923409	0.144202742	0.150956346	0.148814357	0.148022608	0.112365903	0.128871546	0.136408751	0.128052581	0.13041612	0.128770247	0.121666868	0.13270281	0.123685256	0.101831813	0.118153669	0.124770171	0.124697714	0.113561003	0.13061337	0.121457014	0.118941366	0.123094934	0.122852078	0.127214445	0.132701064	0.126804913	0.127978827	0.111413436	0.111542864	0.138432219	0.137177403	0.140143273	0.13813734	0.128230116	0.130810457	0.116592491	0.125223126	0.134457223	0.120036573	0.130490316	0.12649115
0.093491395	0.093127269	0.159127729	0.147590322	0.114500528	0.140244402	0.138678566	0.130168296	0.104874462	0.14301037	0.110577351	0.122683187	0.131207533	0.117758661	0.102134371	0.177146402	0.154810685	0.137943525	1	0.216714088	0.250804106	0.164777919	0.112256707	0.156287371	0.137783406	0.132089657	0.134640502	0.165838804	0.146489372	0.107198031	0.092999915	0.124023153	0.120272701	0.134100738	0.160233314	0.102538839	0.165093647	0.157545105	0.137052438	0.152362208	0.169975435	0.166786795	0.141943251	0.138917007	0.111390954	0.130122828	0.142601838	0.127709447	0.130493548	0.113548854	0.114561003	0.128404939	0.129845262	0.142479165	0.112621356	0.121959218	0.152146704	0.125213648	0.090396798	0.113031219	0.115880901	0.150014276	0.125950304	0.115006132	0.112095888	0.120391277	0.135100604	0.122346542	0.118798474	0.125089847	0.150969077	0.145291677	0.098093352	0.098434828	0.115834378	0.154977367	0.135223534	0.125612704	0.098076104	0.144371878	0.103954772	0.110400411	0.104453661	0.126458089	0.111705731	0.132214154	0.146035793	0.112709696	0.110603121	0.094055609	0.122585884	0.143791235	0.10666643	0.13926414	0.092670483
0.087496988	0.08999865	0.139215542	0.153856512	0.122247383	0.137553724	0.121131189	0.129575343	0.105354518	0.144581046	0.111965982	0.13058435	0.13509015	0.12789324	0.110452379	0.150768179	0.151572672	0.134019377	0.216714088	1	0.225348229	0.14322722	0.111313475	0.155739706	0.126062211	0.122969012	0.130422596	0.142772362	0.135368966	0.109458126	0.082863901	0.122260731	0.124101099	0.125868036	0.150955168	0.099701518	0.175406958	0.160398865	0.139974197	0.14641311	0.156659873	0.151932378	0.142008473	0.13895166	0.106014647	0.122233831	0.143654737	0.133589094	0.135280008	0.119169954	0.126323217	0.127977968	0.124627245	0.132628844	0.11844515	0.133134014	0.155324727	0.12062723	0.093691012	0.114280531	0.121186323	0.132554783	0.108992548	0.102785909	0.117449812	0.121499442	0.13198572	0.122884954	0.139636957	0.114139377	0.136711463	0.132093802	0.107496771	0.099792927	0.124896389	0.150717104	0.138223693	0.132107466	0.108360552	0.136384654	0.115520617	0.101637369	0.092480648	0.114375605	0.103855994	0.152160984	0.127542093	0.129523114	0.111239371	0.097478054	0.127636464	0.131382175	0.106247841	0.136705702	0.088068139
0.093829133	0.092581527	0.183304509	0.132695507	0.10709802	0.123262999	0.126640344	0.125194831	0.096335624	0.178144561	0.115999378	0.117972043	0.133927785	0.126737858	0.103518689	0.21336403	0.186970773	0.134550512	0.250804106	0.225348229	1	0.189517128	0.107918397	0.179776945	0.130571254	0.141248452	0.151589148	0.197805607	0.146546606	0.101743583	0.084988326	0.116931476	0.10529324	0.151213436	0.150948306	0.095085542	0.147477171	0.176384861	0.135313409	0.14102515	0.174855584	0.169640039	0.137720316	0.126882435	0.115071467	0.125561137	0.152371917	0.125817135	0.125312531	0.109249504	0.110611475	0.118500599	0.112951421	0.129493293	0.117083349	0.128129866	0.167871698	0.131026862	0.088716186	0.107318747	0.121626582	0.163883425	0.111525253	0.104233147	0.124827349	0.142875277	0.133798784	0.141225866	0.162255037	0.132635618	0.165594898	0.162830059	0.102799503	0.096028684	0.125598483	0.219303837	0.155445121	0.133021046	0.105744534	0.152481628	0.112327482	0.112745036	0.086752908	0.134114434	0.10514908	0.162943445	0.17606068	0.139280445	0.110167236	0.0875822	0.11774098	0.158285718	0.106419421	0.130498462	0.080930632
0.08532061	0.096157869	0.163343964	0.132888611	0.108933566	0.124644765	0.150898029	0.127651724	0.116881339	0.156687557	0.118710996	0.129033725	0.141500798	0.132247388	0.111524714	0.179021276	0.161647279	0.146436515	0.164777919	0.14322722	0.189517128	1	0.172625488	0.244528318	0.134521677	0.138897419	0.141546572	0.191908442	0.145336875	0.10546664	0.086018925	0.134780273	0.119294657	0.158843799	0.15198234	0.100107483	0.176385185	0.17858552	0.139448175	0.14824398	0.17528781	0.181226921	0.143502489	0.142683753	0.116396117	0.126555247	0.164083713	0.144106531	0.136009236	0.115301708	0.109843687	0.125786694	0.117113444	0.133686791	0.137505256	0.1356914	0.196455872	0.142097539	0.100193328	0.124627425	0.132325603	0.157911509	0.117918705	0.115151409	0.112162097	0.141967374	0.146318493	0.140098407	0.145489857	0.113602442	0.153472566	0.164370188	0.11522734	0.100524176	0.133544797	0.176752838	0.127232333	0.132198967	0.116981067	0.156232821	0.111980679	0.107402996	0.087017956	0.140967018	0.105844022	0.15628405	0.173169541	0.150890995	0.109561597	0.105949098	0.126725653	0.159461935	0.11671227	0.136349958	0.091155318
0.105630276	0.109362734	0.107781924	0.113086091	0.115132036	0.132236559	0.118435434	0.121951563	0.117693642	0.112524259	0.126376176	0.122992659	0.132836439	0.123534102	0.119337391	0.123767561	0.12791677	0.128328704	0.112256707	0.111313475	0.107918397	0.172625488	1	0.151045907	0.128542844	0.143303407	0.124494497	0.098125923	0.13130188	0.119862893	0.106655382	0.11499269	0.139162171	0.104719377	0.13683841	0.104814583	0.144748665	0.12817195	0.14082022	0.135225185	0.140066436	0.129927535	0.13155428	0.140337491	0.113328057	0.121018622	0.12968205	0.123223476	0.121005556	0.114233877	0.112962465	0.132069181	0.139511502	0.129035672	0.136221961	0.113284485	0.111360963	0.121297431	0.105432826	0.121214538	0.11728708	0.112548911	0.109762363	0.113469957	0.106642395	0.093919826	0.101535213	0.092176169	0.094740388	0.105503216	0.098378418	0.098078108	0.119531716	0.116476475	0.102945546	0.100306996	0.114519885	0.113792717	0.12076978	0.103821309	0.106186161	0.108051056	0.105343999	0.117423005	0.118031241	0.111364497	0.112865712	0.104462238	0.111127154	0.10841923	0.118174337	0.118098968	0.105710532	0.120009858	0.114007006
0.082290394	0.096328499	0.164005367	0.15296076	0.11134155	0.128147569	0.153002134	0.129897665	0.114820768	0.188091296	0.125727644	0.135347471	0.147709282	0.146761215	0.115820771	0.183267815	0.159199608	0.135687105	0.156287371	0.155739706	0.179776945	0.244528318	0.151045907	1	0.12396693	0.126766391	0.152204688	0.205530955	0.143453627	0.106570835	0.089097167	0.137002388	0.118157502	0.173287544	0.163847985	0.103831812	0.160427057	0.176118881	0.136618699	0.14978077	0.162286665	0.178815038	0.141680604	0.133222981	0.113050634	0.142213976	0.152148955	0.142911739	0.122817389	0.111678599	0.108702743	0.112777592	0.116628946	0.116930852	0.124721028	0.144915752	0.193422643	0.139065118	0.10239405	0.130240773	0.12911743	0.173325334	0.1262277	0.123515639	0.119756557	0.158480308	0.164459055	0.163942505	0.171346498	0.121079153	0.168201879	0.198229649	0.119098071	0.096485334	0.165929584	0.207472735	0.141837496	0.145325308	0.119728761	0.169827909	0.108405868	0.114242719	0.082496099	0.130314475	0.116945136	0.172331932	0.175379743	0.169064296	0.113528793	0.10242731	0.122607659	0.167160004	0.113237345	0.157770141	0.083738385
0.131069274	0.119930311	0.141627571	0.13277426	0.129063105	0.146639838	0.131435009	0.142583478	0.1219598	0.124726268	0.137681974	0.132282533	0.12169135	0.131514341	0.121842058	0.145512539	0.154101461	0.148431369	0.137783406	0.126062211	0.130571254	0.134521677	0.128542844	0.12396693	1	0.149281151	0.157416083	0.110149721	0.25224101	0.118744827	0.105405075	0.129651271	0.14983261	0.131127039	0.147246461	0.14201399	0.165379869	0.14638129	0.148214577	0.15007788	0.173493093	0.150046561	0.144723683	0.15391606	0.132249062	0.147067243	0.144037069	0.14638867	0.157361876	0.152259996	0.147061735	0.148113577	0.14196174	0.146595588	0.13582784	0.143573207	0.132941886	0.152323972	0.120294891	0.13032384	0.124803098	0.128113679	0.138818828	0.129941338	0.122376553	0.113269606	0.119648197	0.111353559	0.122133599	0.125575673	0.116303774	0.113268184	0.119410605	0.107729541	0.125082937	0.11559657	0.127422211	0.130646925	0.129864657	0.134567085	0.122520752	0.10406782	0.122263622	0.145558268	0.125546779	0.118789249	0.131923271	0.128826872	0.137322152	0.123529128	0.138068645	0.131739372	0.113755325	0.124282856	0.119740926
0.112102436	0.119188839	0.132911988	0.122734015	0.123996291	0.137592865	0.131439297	0.132956508	0.127133651	0.125333183	0.132116386	0.131424756	0.13126991	0.116574718	0.124123682	0.140598022	0.164858508	0.14593063	0.132089657	0.122969012	0.141248452	0.138897419	0.143303407	0.126766391	0.149281151	1	0.22353752	0.13408615	0.140667735	0.128311894	0.10522278	0.120668567	0.139814855	0.131543232	0.15046618	0.117789518	0.157900382	0.135895204	0.138831397	0.141619344	0.147147855	0.139022817	0.139283464	0.146345204	0.12923889	0.144101233	0.133079283	0.142888649	0.144894778	0.146171839	0.135211482	0.141507869	0.141912717	0.142968197	0.128249132	0.131318963	0.126720442	0.137312099	0.108565574	0.119092396	0.124144472	0.126099707	0.124701169	0.126011752	0.120963687	0.119771379	0.110515314	0.105900127	0.113024711	0.119256046	0.108384083	0.110316483	0.119371156	0.11409066	0.112537071	0.125124862	0.124852474	0.120102054	0.110382715	0.107734928	0.118534678	0.115019955	0.110414881	0.124777064	0.131346229	0.131448097	0.136058023	0.118555262	0.138266081	0.112003167	0.124740892	0.127030765	0.112742319	0.119534782	0.119599876
0.108755155	0.11833737	0.133433897	0.12298006	0.116312121	0.129625228	0.13361898	0.128683676	0.11210017	0.141490808	0.127150259	0.129942362	0.129344949	0.12411264	0.132616773	0.153083175	0.163706472	0.152075698	0.134640502	0.130422596	0.151589148	0.141546572	0.124494497	0.152204688	0.157416083	0.22353752	1	0.1454102	0.139272176	0.112486188	0.102872376	0.139051196	0.135528831	0.143260055	0.154125716	0.124696606	0.155963456	0.14668483	0.143093451	0.151710243	0.147763621	0.154669858	0.136212795	0.145340397	0.135327155	0.146570734	0.137030096	0.141057622	0.145334064	0.144096031	0.129423982	0.141993976	0.131424141	0.137311731	0.138053824	0.139957292	0.147588809	0.14439319	0.106085032	0.124703179	0.12992673	0.133430543	0.125207684	0.126365446	0.121347457	0.133964642	0.128611007	0.119259618	0.124338562	0.12460229	0.124596846	0.129372954	0.111732104	0.106701279	0.131711542	0.129042309	0.125197447	0.127183397	0.121447433	0.134734975	0.120741232	0.118212728	0.110525159	0.139672645	0.125539927	0.143121274	0.144853742	0.139195892	0.139272336	0.109299989	0.127148683	0.14145363	0.111744794	0.134131207	0.101896594
0.074369103	0.083731255	0.162808092	0.14284223	0.108549436	0.113838644	0.140688085	0.117679047	0.09565794	0.168091266	0.110634492	0.124865805	0.13436327	0.133017796	0.098001447	0.187468057	0.155450576	0.120320784	0.165838804	0.142772362	0.197805607	0.191908442	0.098125923	0.205530955	0.110149721	0.13408615	0.1454102	1	0.130152314	0.093877311	0.077429825	0.113514148	0.098843419	0.162507468	0.152103148	0.08786869	0.158774302	0.1710202	0.121810022	0.13780386	0.155640731	0.167862397	0.126825204	0.115117831	0.108239434	0.124432521	0.150064904	0.124207771	0.114898454	0.099098651	0.090312552	0.096649614	0.110515387	0.116045456	0.11429572	0.123564107	0.184454557	0.135732659	0.103133717	0.110469536	0.119750786	0.152636377	0.115375556	0.112115123	0.106907718	0.147310387	0.131014779	0.154254967	0.160681923	0.129552362	0.162628076	0.183072672	0.093123567	0.08579679	0.139791526	0.20563061	0.132518243	0.135763794	0.11462803	0.155335438	0.087743589	0.097036117	0.073966022	0.120276575	0.090465419	0.149896156	0.166603414	0.146289908	0.099056274	0.100324768	0.115395146	0.162604526	0.10964806	0.124295437	0.084520393
0.11716673	0.099599224	0.135483313	0.125933044	0.127119094	0.140979501	0.133454068	0.133031803	0.120969438	0.126644019	0.129758319	0.12906453	0.126291677	0.119939198	0.114206375	0.155474938	0.144637865	0.133666305	0.146489372	0.135368966	0.146546606	0.145336875	0.13130188	0.143453627	0.25224101	0.140667735	0.139272176	0.130152314	1	0.104729944	0.095638069	0.124765411	0.129847209	0.129853275	0.147970607	0.124460851	0.157519463	0.154975639	0.141231139	0.150302078	0.162602713	0.153785174	0.153185658	0.15360961	0.118291063	0.143532262	0.145642975	0.144415796	0.13877455	0.131591633	0.128557177	0.132559317	0.130803368	0.142914776	0.134378863	0.125896558	0.139371217	0.143540757	0.112948037	0.114721966	0.116191973	0.137216619	0.128689651	0.123212817	0.114237916	0.113357466	0.119638175	0.120625221	0.126912009	0.124561465	0.130985221	0.111985484	0.113782179	0.107352472	0.117634906	0.12905155	0.13006017	0.117984601	0.116632819	0.133621024	0.106592902	0.115964647	0.107270882	0.133609714	0.113270783	0.131926012	0.14067204	0.120850349	0.119738821	0.117065987	0.131075737	0.127705819	0.109504191	0.128773856	0.116171922
0.129656031	0.126341889	0.116082886	0.116691556	0.123162953	0.138244153	0.116320239	0.117940679	0.134368739	0.135160309	0.132554526	0.118096544	0.11304799	0.112105648	0.131336206	0.106742928	0.132953809	0.127071638	0.107198031	0.109458126	0.101743583	0.10546664	0.119862893	0.106570835	0.118744827	0.128311894	0.112486188	0.093877311	0.104729944	1	0.104397012	0.128754213	0.149514826	0.114687445	0.143098098	0.134628055	0.151272033	0.13645539	0.144438963	0.145298902	0.150164053	0.133240399	0.140677374	0.147587954	0.118027947	0.114151914	0.107397411	0.11489484	0.120546758	0.118226248	0.118121132	0.139415428	0.138155715	0.125620545	0.127666647	0.109923006	0.121206141	0.12832786	0.124876196	0.14940609	0.130315	0.128908982	0.134730065	0.127644372	0.129756162	0.10508022	0.118071111	0.108976871	0.111590173	0.108585126	0.107755013	0.109439083	0.136293992	0.128379112	0.119089227	0.120548054	0.109405597	0.128645993	0.118961731	0.109638269	0.113110636	0.110649982	0.129381583	0.115958738	0.130952507	0.110984836	0.109651119	0.113772348	0.131169953	0.127253906	0.127523614	0.119572258	0.125573292	0.124795496	0.130693214
0.102562083	0.095820431	0.089177284	0.099969206	0.110475482	0.112673143	0.107325892	0.101342838	0.095209671	0.096340537	0.109517433	0.10548423	0.096809279	0.102776176	0.126227273	0.090637603	0.108084754	0.113401338	0.092999915	0.082863901	0.084988326	0.086018925	0.106655382	0.089097167	0.105405075	0.10522278	0.102872376	0.077429825	0.095638069	0.104397012	1	0.201747857	0.122294815	0.104999302	0.114652957	0.107444973	0.116003814	0.111516922	0.117057377	0.112357305	0.118776533	0.102185755	0.11166409	0.113129856	0.106233415	0.113395826	0.107570647	0.111328968	0.101309153	0.103401651	0.099211478	0.107325184	0.113903035	0.098183655	0.101831047	0.10732669	0.104337098	0.107057458	0.091525548	0.107342386	0.098952031	0.091799937	0.107685569	0.104815158	0.096967256	0.089771237	0.091826485	0.084136464	0.0856419	0.088325308	0.091950077	0.07868412	0.097072993	0.098485988	0.098841395	0.088861745	0.10639401	0.106358271	0.122296617	0.093534622	0.093638802	0.081811789	0.101721323	0.104815382	0.099621628	0.091768997	0.093467604	0.102843838	0.110509323	0.097055475	0.110960278	0.103125225	0.094829775	0.116163968	0.09236383
0.113990415	0.107827066	0.128671478	0.130287288	0.133101197	0.128578657	0.131118848	0.128030839	0.117320452	0.136626063	0.139888693	0.132597917	0.133327376	0.12530049	0.149459292	0.126028169	0.144711282	0.142619208	0.124023153	0.122260731	0.116931476	0.134780273	0.11499269	0.137002388	0.129651271	0.120668567	0.139051196	0.113514148	0.124765411	0.128754213	0.201747857	1	0.134680344	0.141547352	0.152445621	0.115546753	0.158505824	0.14728169	0.140473588	0.148925923	0.148964846	0.138977098	0.141355218	0.138909304	0.13312804	0.135572006	0.133123973	0.131350797	0.134452885	0.119895057	0.117637661	0.130046731	0.138750599	0.129611182	0.123500442	0.127776893	0.14345123	0.129997095	0.11434794	0.126103847	0.123652628	0.129384862	0.128063518	0.113693311	0.125420147	0.127070226	0.127656498	0.12432007	0.123588144	0.113886426	0.126499392	0.121893672	0.120047466	0.109417963	0.12875652	0.13510374	0.124912943	0.124429124	0.12483872	0.129611354	0.108117321	0.100783516	0.103915119	0.126149977	0.122245959	0.124279514	0.135031274	0.130998108	0.126356208	0.121949676	0.127648684	0.133887079	0.117367105	0.146031523	0.107638839
0.13988319	0.139412197	0.128171425	0.135882933	0.143006928	0.16378074	0.146572175	0.149794413	0.149977238	0.134283022	0.140268144	0.132236956	0.12577763	0.12284564	0.127706594	0.121588021	0.143028061	0.142885277	0.120272701	0.124101099	0.10529324	0.119294657	0.139162171	0.118157502	0.14983261	0.139814855	0.135528831	0.098843419	0.129847209	0.149514826	0.122294815	0.134680344	1	0.117078954	0.173899037	0.137112277	0.196808653	0.170620837	0.184523429	0.17986281	0.191073106	0.159367215	0.177306566	0.180936836	0.139164381	0.138254317	0.134472727	0.141902095	0.143588436	0.131986365	0.134691232	0.151135387	0.146611095	0.137707447	0.140415302	0.126289256	0.128653856	0.144248281	0.130080529	0.142183863	0.1248265	0.121602836	0.134318315	0.13988593	0.140301281	0.113626188	0.11444052	0.114311507	0.108576809	0.12958916	0.112649843	0.108509579	0.141338663	0.14097138	0.131130898	0.109926343	0.130099355	0.13657006	0.142519288	0.131173273	0.127877063	0.118877554	0.137455293	0.128620379	0.143034613	0.116848587	0.109845849	0.11935835	0.145331913	0.136599792	0.139885009	0.126186119	0.132824936	0.138110674	0.138194043
0.089654733	0.113891909	0.152310143	0.160268597	0.115557057	0.135441533	0.127190291	0.134087572	0.117428249	0.178610766	0.134421739	0.125263009	0.140650504	0.131942142	0.137774948	0.171663876	0.151907694	0.130789713	0.134100738	0.125868036	0.151213436	0.158843799	0.104719377	0.173287544	0.131127039	0.131543232	0.143260055	0.162507468	0.129853275	0.114687445	0.104999302	0.141547352	0.117078954	1	0.172457912	0.110929531	0.16877717	0.172242367	0.139758844	0.145322538	0.162219089	0.171705704	0.131186041	0.130850552	0.123464551	0.132171207	0.138577408	0.125387789	0.113813942	0.106601864	0.120910578	0.126412473	0.124766704	0.119130375	0.120582423	0.145645582	0.171255405	0.125166023	0.103183122	0.139765395	0.127494632	0.145982457	0.116910621	0.109293138	0.125091127	0.157295089	0.175869288	0.131287999	0.161637959	0.128916535	0.152309733	0.181632066	0.110402147	0.100027402	0.159937204	0.193080449	0.152673672	0.141737928	0.12395734	0.168325389	0.125628647	0.094550407	0.100866217	0.143711945	0.112710086	0.147029711	0.148782014	0.160199424	0.119363151	0.105176552	0.139725598	0.182630567	0.125690969	0.145047408	0.109748377
0.12407052	0.123186011	0.168844146	0.163791777	0.13925862	0.170259404	0.155633399	0.160222354	0.136397295	0.163143579	0.156689525	0.137854916	0.152331166	0.130180636	0.139570359	0.175354979	0.167802176	0.158455515	0.160233314	0.150955168	0.150948306	0.15198234	0.13683841	0.163847985	0.147246461	0.15046618	0.154125716	0.152103148	0.147970607	0.143098098	0.114652957	0.152445621	0.173899037	0.172457912	1	0.140750415	0.209304217	0.194914491	0.185752357	0.199766358	0.21289211	0.195909379	0.187067969	0.183592643	0.15214071	0.14777142	0.154560754	0.150988005	0.134694796	0.14211025	0.142369662	0.158150072	0.166683243	0.151995525	0.132197272	0.14717015	0.167513323	0.143763263	0.138924121	0.142061303	0.134234769	0.153220612	0.13925223	0.135857421	0.142308683	0.140971143	0.150596942	0.137203998	0.145963755	0.143767141	0.14867464	0.16311402	0.139130367	0.127892398	0.156994122	0.168850567	0.168604871	0.158620165	0.146600942	0.163154373	0.131062761	0.120910075	0.123472794	0.143983703	0.137651958	0.154619378	0.147354082	0.168562561	0.141938034	0.141619076	0.156177722	0.178619777	0.155798865	0.171908916	0.134671788
