1	0.734668922	0.635060683	0.656713283	0.719229938	0.717442241	0.693224444	0.699880604	0.726445046	0.609611141	0.723318694	0.685868033	0.655982955	0.682515115	0.711988001	0.60568435	0.675094732	0.717266711	0.637506829	0.634167575	0.59542585	0.595807682	0.715155084	0.571150087	0.723402624	0.720085176	0.693230437	0.544803658	0.698051421	0.728493474	0.718236835	0.695205932	0.740239692	0.628790826	0.698056791	0.767665342	0.704885872	0.670672253	0.729239465	0.702830547	0.699256589	0.661938003	0.708173757	0.717809054	0.705080781	0.713701149	0.679380986	0.7040162	0.686046456	0.696405283	0.705983331	0.715140311	0.72440368	0.711244047	0.720005769	0.695171537	0.593747388	0.701041154	0.712080227	0.696929415	0.698297938	0.669243996	0.727607265	0.729736995	0.725328549	0.651663977	0.654782756	0.608081243	0.585129762	0.701383409	0.603731155	0.525961898	0.722423474	0.733078774	0.639529201	0.523924076	0.6469612	0.671946473	0.700959003	0.595178221	0.66958843	0.700126105	0.73599108	0.685383925	0.7324416	0.640555481	0.634703204	0.60983635	0.736323018	0.719406603	0.710902352	0.631963359	0.686601036	0.668956943	0.728187001
0.734668922	1	0.654297262	0.674656943	0.711423856	0.714091828	0.695823653	0.710128443	0.723691124	0.639878585	0.733931035	0.696860677	0.667750858	0.697612328	0.71198098	0.628265384	0.684468589	0.725649166	0.640860758	0.64577425	0.603082139	0.61743394	0.719821477	0.592939839	0.715327591	0.727015029	0.707512555	0.571965805	0.690800797	0.727430947	0.707780569	0.707024609	0.735986597	0.666711734	0.70930133	0.727312565	0.717326101	0.681722957	0.732981417	0.712917409	0.704386803	0.676338115	0.713134559	0.722119123	0.716705322	0.713231949	0.689172318	0.707379045	0.676442892	0.692455827	0.713983817	0.723162706	0.73312524	0.715328322	0.718209843	0.71485501	0.628672555	0.712628353	0.708865368	0.70294632	0.711894268	0.675977139	0.716277118	0.712508797	0.729760307	0.666126055	0.674943477	0.624570424	0.623180883	0.69984185	0.625055589	0.567435013	0.725976508	0.73791326	0.66708295	0.554156171	0.653303026	0.682100694	0.710218915	0.623877766	0.681259665	0.702885139	0.729222886	0.699044302	0.725704742	0.658605991	0.660007119	0.634324522	0.733070489	0.715634995	0.713352342	0.651705278	0.703925095	0.686504533	0.730168754
0.635060683	0.654297262	1	0.744763526	0.670762443	0.718746515	0.722515151	0.717233955	0.676351836	0.753774072	0.704642648	0.700872154	0.730153255	0.713074041	0.659729316	0.762013115	0.753630361	0.725449012	0.739845334	0.737183194	0.748968302	0.748121812	0.6926238	0.734395887	0.719351677	0.705480916	0.723779804	0.725031705	0.729369468	0.670196768	0.651724973	0.712014173	0.681906622	0.739538677	0.741719738	0.665863928	0.740476806	0.766080164	0.72721712	0.740684344	0.749588298	0.763547052	0.717083328	0.71516016	0.712180239	0.709050048	0.734731014	0.713437224	0.700279771	0.681649979	0.67542174	0.694580482	0.692613074	0.681590432	0.7100946	0.731022206	0.746376297	0.732289181	0.686429382	0.695937547	0.688618798	0.738866399	0.687813695	0.683654011	0.711454454	0.724237551	0.723787114	0.710619244	0.743156762	0.723319129	0.746871768	0.728384819	0.690452988	0.665017449	0.721962972	0.738669819	0.731704096	0.745362957	0.693072078	0.749782645	0.70262699	0.688092501	0.642190447	0.729481642	0.676142529	0.725891604	0.734046748	0.733636381	0.679491035	0.689178957	0.724547834	0.741757861	0.716973365	0.740773686	0.640056172
0.656713283	0.674656943	0.744763526	1	0.72426342	0.760203625	0.752918597	0.775555679	0.69247368	0.715362967	0.719865814	0.699316324	0.714387139	0.702869065	0.678433573	0.714521112	0.753773706	0.732244029	0.731384888	0.73894139	0.692145365	0.713628408	0.703506971	0.71331952	0.718741462	0.725147726	0.729207425	0.690808128	0.722541047	0.690675223	0.682968775	0.733162448	0.712222439	0.73552903	0.760516765	0.686294363	0.756879945	0.751733214	0.746222446	0.758767107	0.752722376	0.757584867	0.742026335	0.739889689	0.741239833	0.726239915	0.743286962	0.737773326	0.70615067	0.707996831	0.704998388	0.70811407	0.730399221	0.701985228	0.722901828	0.734953428	0.726743078	0.735394005	0.687791076	0.705147326	0.674877471	0.718456317	0.69703518	0.710640705	0.714893134	0.719993195	0.722699384	0.706744469	0.705971154	0.730684443	0.721154381	0.698268604	0.704887391	0.681540904	0.721536924	0.686592558	0.724154017	0.742092954	0.698479369	0.716120066	0.681775032	0.690752747	0.679567193	0.719979784	0.694965312	0.714788547	0.697194804	0.715669334	0.702790441	0.689994653	0.747142604	0.73490757	0.728693277	0.750981899	0.656963801
0.719229938	0.711423856	0.670762443	0.72426342	1	0.765365658	0.769038487	0.760828537	0.696604075	0.633627753	0.734159587	0.705193723	0.686011288	0.697425093	0.699288288	0.652664419	0.709717816	0.733178606	0.676088719	0.680033776	0.631414586	0.650351251	0.727401556	0.621904999	0.737007411	0.737949384	0.713102949	0.610581624	0.729632157	0.713683747	0.713895529	0.719189128	0.746587661	0.661730034	0.732779185	0.717470577	0.742499047	0.705234774	0.751344017	0.739688176	0.742903583	0.708688201	0.750874212	0.750042999	0.731997703	0.722584997	0.725991317	0.736218289	0.698835479	0.706878196	0.7230424	0.735701238	0.737666037	0.73574558	0.726605597	0.714919271	0.640752025	0.726216547	0.691442307	0.682892961	0.707567819	0.695564221	0.729471482	0.741943859	0.720306369	0.657543529	0.655007268	0.635606679	0.633749953	0.731298376	0.646916622	0.570753354	0.700562294	0.716069735	0.638288491	0.577234602	0.659275257	0.691465992	0.700492301	0.630026037	0.669735764	0.705956841	0.71105406	0.706145769	0.740693865	0.678961702	0.667064683	0.626756939	0.747762597	0.701982214	0.720519104	0.659428663	0.693641643	0.701194733	0.707254491
0.717442241	0.714091828	0.718746515	0.760203625	0.765365658	1	0.755087304	0.782442757	0.716080758	0.677793797	0.753710207	0.699752898	0.70132959	0.698892283	0.702163321	0.679562283	0.74361828	0.750493392	0.701536116	0.712001046	0.659986439	0.676834691	0.738194522	0.647662129	0.754393354	0.745673207	0.729217071	0.625865291	0.738976902	0.728274332	0.717211213	0.733050401	0.758379585	0.694760176	0.765577457	0.733336876	0.764954076	0.733748771	0.768495426	0.760967406	0.768193939	0.736815141	0.759961558	0.766606382	0.757153629	0.73809839	0.737184557	0.752590493	0.731080364	0.738626443	0.745463501	0.761597913	0.759033805	0.723459312	0.738925093	0.735801649	0.683045083	0.739460723	0.710279305	0.704671997	0.699935678	0.704272528	0.725952797	0.743007758	0.736339323	0.684315876	0.690395779	0.670907797	0.666999137	0.744796902	0.682594579	0.617862707	0.723308217	0.711255054	0.681424022	0.626584631	0.704362661	0.733993114	0.729234371	0.672739655	0.721030188	0.704248674	0.721455922	0.715510837	0.73555227	0.683754085	0.670987894	0.672855916	0.740461613	0.719857457	0.751804469	0.687964148	0.722249174	0.7305717	0.716769502
0.693224444	0.695823653	0.722515151	0.752918597	0.769038487	0.755087304	1	0.771796252	0.697624465	0.692168137	0.728164298	0.72061817	0.714010683	0.720016226	0.687075869	0.701284923	0.733933425	0.730762726	0.718253201	0.712104854	0.687036298	0.72333633	0.714230904	0.705331242	0.735846124	0.745553376	0.736362892	0.689189554	0.740468162	0.702547589	0.694382522	0.728531969	0.726123004	0.705142993	0.742670658	0.70598062	0.750034005	0.740216327	0.74292257	0.746385831	0.745629282	0.747936374	0.746162928	0.743332807	0.729958831	0.731494264	0.742155381	0.750130108	0.712659361	0.708499021	0.706081637	0.712341351	0.732581008	0.723874907	0.731495456	0.730439951	0.70343197	0.739713397	0.688819949	0.696866697	0.70864998	0.734043511	0.71986435	0.730620202	0.725308682	0.703535714	0.693266303	0.703818422	0.697484945	0.745169091	0.702548835	0.652851784	0.698304269	0.710801022	0.677929787	0.65429246	0.693788729	0.716463904	0.69689927	0.692313331	0.675919367	0.715065606	0.689588318	0.724224461	0.718266487	0.717396941	0.718109237	0.680184871	0.730327349	0.69633546	0.72727124	0.709253152	0.709383117	0.727548959	0.67789302
0.699880604	0.710128443	0.717233955	0.775555679	0.760828537	0.782442757	0.771796252	1	0.706859861	0.684593004	0.742118925	0.71107049	0.707523192	0.713553147	0.697781931	0.691870449	0.741326853	0.745165145	0.708561543	0.721608269	0.671932457	0.699463469	0.728412965	0.680098978	0.745292853	0.752246523	0.740140103	0.656290504	0.73679497	0.712144992	0.706367809	0.741162444	0.743205547	0.709746773	0.766412119	0.714127669	0.764133115	0.742620055	0.764758655	0.761293684	0.761364497	0.748035599	0.762769692	0.761960682	0.757090147	0.740691438	0.749077739	0.753963497	0.724686228	0.730390618	0.738698195	0.733557105	0.749464436	0.726411919	0.739914191	0.737374477	0.690817292	0.742865411	0.694672381	0.704500701	0.701342227	0.724888738	0.723478892	0.737059774	0.732879419	0.705461216	0.705587662	0.695743519	0.688280999	0.740502076	0.696827615	0.641766762	0.717498301	0.7103955	0.688024731	0.636412125	0.700091989	0.729571828	0.714558635	0.68178068	0.693353329	0.708724363	0.707214546	0.722574736	0.728796319	0.710121483	0.696917208	0.679444937	0.739906188	0.703821215	0.742110959	0.704741221	0.724448587	0.740333033	0.693115946
0.726445046	0.723691124	0.676351836	0.69247368	0.696604075	0.716080758	0.697624465	0.706859861	1	0.662475442	0.738617081	0.716672252	0.700981663	0.714835662	0.721013269	0.639751129	0.6969263	0.726398158	0.665254201	0.683717892	0.62692529	0.643118315	0.730869782	0.626349042	0.717353698	0.724339167	0.713392824	0.597267608	0.708058714	0.741322215	0.709030637	0.719268703	0.744951234	0.674593746	0.722866854	0.723332106	0.720457055	0.704289159	0.741795107	0.721658039	0.708868426	0.69869245	0.725981649	0.73052498	0.723519792	0.729761624	0.70726696	0.718680596	0.709199959	0.718721336	0.71659351	0.713809821	0.737251547	0.719396636	0.734963135	0.715201669	0.655824736	0.72355904	0.725226969	0.734120706	0.710611315	0.685602254	0.722671362	0.710521907	0.728990976	0.673511929	0.690401635	0.668341596	0.648658565	0.699654964	0.648641494	0.607623836	0.738516261	0.740478313	0.688001748	0.597200524	0.683564195	0.709360647	0.728482537	0.652707579	0.679158855	0.715602884	0.735323059	0.704170224	0.730056214	0.67271698	0.675949032	0.677167398	0.736484887	0.729039416	0.722939557	0.674638163	0.725224999	0.708626864	0.729769643
0.609611141	0.639878585	0.753774072	0.715362967	0.633627753	0.677793797	0.692168137	0.684593004	0.662475442	1	0.691390544	0.691494749	0.722437526	0.717185294	0.669200818	0.738348444	0.727982306	0.698608484	0.695006476	0.71126286	0.731553327	0.724292654	0.663955505	0.742568373	0.682859046	0.67471554	0.717282261	0.711035013	0.689752541	0.654490436	0.629002147	0.692520613	0.650130671	0.749443445	0.705225569	0.648114398	0.700001056	0.747620986	0.695227689	0.705604535	0.704564488	0.735689256	0.676731605	0.672710471	0.679808382	0.705718317	0.711740611	0.688337085	0.683588019	0.651558448	0.653345384	0.67493325	0.668955605	0.663919946	0.685139078	0.719126606	0.744297232	0.70903698	0.665121913	0.709669455	0.686565727	0.728244727	0.662065143	0.653397604	0.69890247	0.734113288	0.727797854	0.712257794	0.747217482	0.69956623	0.749661516	0.760019961	0.682027223	0.647850424	0.737965144	0.755957295	0.739945981	0.738282413	0.689501915	0.753845844	0.681512581	0.653070044	0.619720617	0.715743569	0.659835039	0.720061332	0.738490457	0.753680393	0.659433243	0.664093499	0.699503271	0.741632299	0.706459141	0.720130346	0.613093148
0.723318694	0.733931035	0.704642648	0.719865814	0.734159587	0.753710207	0.728164298	0.742118925	0.738617081	0.691390544	1	0.732617471	0.724966827	0.729610229	0.738123343	0.684115072	0.734849717	0.757054028	0.690283369	0.703373498	0.657785748	0.679788582	0.745615168	0.655046599	0.751180192	0.747111753	0.731806675	0.634755055	0.739237661	0.743053142	0.723498972	0.747076985	0.755928837	0.709051499	0.754732195	0.734486634	0.758475229	0.738877471	0.769344023	0.758921582	0.755737674	0.736675156	0.758561599	0.761502646	0.754377687	0.755097478	0.737968071	0.741374983	0.732149874	0.739096605	0.751644718	0.755817304	0.757558669	0.738986191	0.753761895	0.745631008	0.688814067	0.748787734	0.73241295	0.736638432	0.729535797	0.727763534	0.749765004	0.738080126	0.751669737	0.708521952	0.713896071	0.673967199	0.681254672	0.733593963	0.689631281	0.635730119	0.739812077	0.739069758	0.707964666	0.631864704	0.715388126	0.728974499	0.750380134	0.689584138	0.707082388	0.710245858	0.724130514	0.735241312	0.747350987	0.694896051	0.6969396	0.696014895	0.748203803	0.738910815	0.740833984	0.705836405	0.732727328	0.729045435	0.728529665
0.685868033	0.696860677	0.700872154	0.699316324	0.705193723	0.699752898	0.72061817	0.71107049	0.716672252	0.691494749	0.732617471	1	0.741925262	0.740591016	0.7318342	0.682604741	0.708114463	0.72200065	0.695093952	0.717155123	0.664813382	0.698260874	0.715480543	0.683133868	0.725704282	0.72689017	0.716403872	0.666937292	0.730074706	0.725469661	0.680243489	0.7370842	0.720276183	0.699677015	0.719294209	0.690606934	0.727656358	0.716512835	0.727801384	0.723771611	0.718737622	0.717850858	0.724877504	0.721851201	0.709107692	0.733598996	0.727176453	0.729284955	0.712121668	0.704531942	0.712903119	0.714622829	0.72747878	0.739855325	0.734456506	0.731170724	0.7003425	0.736935684	0.709818652	0.718154184	0.733930751	0.731845643	0.725685862	0.702583987	0.725435575	0.687004815	0.691047492	0.690385629	0.698959943	0.701670629	0.69203701	0.642150375	0.71634222	0.717170958	0.684688859	0.652300344	0.689478122	0.693809748	0.716904439	0.691909633	0.662563654	0.704825533	0.683794785	0.716540614	0.712588342	0.699887916	0.711918526	0.683415996	0.722357592	0.71436121	0.710964513	0.697966722	0.714664886	0.714413161	0.694387945
0.655982955	0.667750858	0.730153255	0.714387139	0.686011288	0.70132959	0.714010683	0.707523192	0.700981663	0.722437526	0.724966827	0.741925262	1	0.757413617	0.702164887	0.727953511	0.734840462	0.73248119	0.721344646	0.732396006	0.704465723	0.715596877	0.723377473	0.708716319	0.712609717	0.710788569	0.725416388	0.699413911	0.735408855	0.691217614	0.672583035	0.726156653	0.705370843	0.717602518	0.734835284	0.678219771	0.738942715	0.748777434	0.73448365	0.739355821	0.734077149	0.749176538	0.735749311	0.726584008	0.705999071	0.735586116	0.736071348	0.706707987	0.703734847	0.679135234	0.687275675	0.698067179	0.707659822	0.71767889	0.732363134	0.718110826	0.720462993	0.735473227	0.70290624	0.714579408	0.719312123	0.733551839	0.708931353	0.695498531	0.70748157	0.702462793	0.709019579	0.708252171	0.724098261	0.715752929	0.724099814	0.6941143	0.702228635	0.697424776	0.706244349	0.692263634	0.713037471	0.717168198	0.712495836	0.727876677	0.666804613	0.703866675	0.655893266	0.72790078	0.7042904	0.710099999	0.725424844	0.716199713	0.702278416	0.709098938	0.707034729	0.723680901	0.716495023	0.737914433	0.657666656
0.682515115	0.697612328	0.713074041	0.702869065	0.697425093	0.698892283	0.720016226	0.713553147	0.714835662	0.717185294	0.729610229	0.740591016	0.757413617	1	0.722154334	0.702982654	0.713907139	0.719594775	0.688924782	0.704315057	0.687869873	0.700668331	0.719390259	0.705464584	0.71776006	0.712531654	0.736785207	0.684648929	0.726526859	0.698926499	0.6901513	0.721105815	0.703080277	0.716832174	0.711978241	0.696309571	0.718318128	0.735215707	0.73081363	0.722987641	0.713128171	0.733167337	0.724443447	0.712462396	0.69883031	0.743642835	0.730247735	0.719295941	0.699765379	0.68961143	0.690273361	0.70930231	0.717081742	0.710356061	0.73715197	0.733500579	0.710610593	0.735764534	0.698087657	0.727775006	0.730375465	0.737276223	0.714444065	0.706532223	0.726542868	0.721285304	0.716147135	0.71974724	0.724007298	0.714298011	0.711027593	0.688964396	0.707328155	0.722557317	0.702423681	0.672627455	0.702552743	0.715205427	0.716900388	0.71517193	0.659055614	0.711016067	0.678217907	0.731883388	0.710984217	0.706946172	0.741612527	0.709860471	0.724960386	0.703034127	0.707572492	0.7108852	0.726958003	0.729402443	0.667759702
0.711988001	0.71198098	0.659729316	0.678433573	0.699288288	0.702163321	0.687075869	0.697781931	0.721013269	0.669200818	0.738123343	0.7318342	0.702164887	0.722154334	1	0.626640494	0.697037605	0.715754005	0.630597199	0.655509815	0.604899729	0.626195827	0.70258416	0.625837476	0.706101609	0.713658857	0.715390356	0.584406761	0.688742772	0.734426793	0.717202518	0.729896361	0.717999235	0.68934464	0.702129128	0.715100534	0.699196355	0.678381077	0.716754214	0.700332372	0.689038521	0.673852105	0.69536342	0.70018754	0.711549824	0.739422028	0.700815735	0.711714287	0.70559498	0.715839973	0.719630443	0.728777443	0.727825905	0.718527194	0.726940304	0.721402365	0.668292804	0.714220795	0.710511222	0.730301099	0.718309714	0.693046047	0.71362542	0.708028216	0.722996686	0.679690824	0.700749006	0.646834477	0.648283215	0.676474136	0.65272312	0.606722742	0.740897923	0.7148652	0.690471245	0.603564189	0.691830678	0.696981796	0.732348856	0.652807688	0.670855254	0.680819339	0.710394396	0.704146914	0.726428168	0.658058667	0.667379291	0.674649069	0.73392052	0.715271594	0.715770794	0.681039167	0.718130445	0.698012746	0.71049988
0.60568435	0.628265384	0.762013115	0.714521112	0.652664419	0.679562283	0.701284923	0.691870449	0.639751129	0.738348444	0.684115072	0.682604741	0.727953511	0.702982654	0.626640494	1	0.750435754	0.72467992	0.748436714	0.726873531	0.771279877	0.747848457	0.685094011	0.729769502	0.694946967	0.679463969	0.715929375	0.734055967	0.723393913	0.617507152	0.608916987	0.67964458	0.643626487	0.732814013	0.726262515	0.638024844	0.72884217	0.764846783	0.708838999	0.733167803	0.74189025	0.767343444	0.708328327	0.704734083	0.687474719	0.686580934	0.717682999	0.68518072	0.654472316	0.630682139	0.646373845	0.654137026	0.651336058	0.665724586	0.686676912	0.707905407	0.716323047	0.718753291	0.651819663	0.659430784	0.673236829	0.738722663	0.67985834	0.651278877	0.684562972	0.717009314	0.702751477	0.690323683	0.735900682	0.717608884	0.736120731	0.722251594	0.646875262	0.645532473	0.701647097	0.732996786	0.708950372	0.711847077	0.655023625	0.746800468	0.65820584	0.668153996	0.603570782	0.734135021	0.655881884	0.746537688	0.741958181	0.718122867	0.647865617	0.655746491	0.682630727	0.739107211	0.686019974	0.72610019	0.60162404
0.675094732	0.684468589	0.753630361	0.753773706	0.709717816	0.74361828	0.733933425	0.741326853	0.6969263	0.727982306	0.734849717	0.708114463	0.734840462	0.713907139	0.697037605	0.750435754	1	0.767744711	0.748151792	0.743672252	0.729096605	0.738720672	0.717368339	0.718574667	0.739912065	0.737586629	0.744615424	0.704995816	0.739627202	0.709225495	0.692610727	0.743658096	0.719984427	0.732816724	0.76693694	0.705523131	0.7671588	0.763859018	0.755046235	0.768001717	0.766750228	0.763642442	0.745906652	0.749771572	0.748017978	0.736073815	0.760367561	0.738832064	0.723273791	0.713029584	0.7159052	0.728181186	0.725641423	0.717230919	0.730580352	0.744007228	0.745455662	0.756488199	0.714101271	0.718858299	0.705942341	0.737540822	0.722749182	0.717863289	0.73101636	0.733297338	0.732775094	0.700835053	0.722756452	0.735570808	0.739888766	0.695176458	0.716811717	0.692257936	0.732727253	0.703140864	0.740059125	0.741120409	0.718828499	0.733613858	0.709209603	0.691461258	0.6918946	0.739262049	0.71472011	0.723331171	0.719230033	0.726709313	0.703663938	0.718236032	0.745806191	0.74716584	0.733995852	0.754498015	0.682685539
0.717266711	0.725649166	0.725449012	0.732244029	0.733178606	0.750493392	0.730762726	0.745165145	0.726398158	0.698608484	0.757054028	0.72200065	0.73248119	0.719594775	0.715754005	0.72467992	0.767744711	1	0.720351438	0.722725922	0.688065461	0.701529523	0.742120417	0.670356009	0.752743547	0.745659934	0.746104516	0.656636831	0.742212723	0.723859237	0.711252211	0.746615842	0.744955248	0.716669954	0.761929597	0.719678707	0.771070841	0.746385383	0.76634274	0.766088797	0.769208695	0.744410565	0.757289563	0.762916526	0.756304738	0.747419134	0.746142232	0.745391916	0.724322551	0.72237262	0.743283896	0.748336921	0.747255846	0.740122013	0.752675485	0.750862363	0.701605656	0.757738375	0.72389144	0.720752155	0.728369667	0.727905729	0.740167152	0.731548423	0.739541158	0.710442639	0.715766849	0.66504408	0.683527196	0.739712893	0.698689776	0.639544987	0.738826221	0.729644562	0.705745671	0.648177088	0.716450858	0.731178636	0.740459082	0.699311188	0.717098076	0.704626188	0.710152634	0.744614457	0.745544637	0.722699628	0.708689365	0.703256564	0.738361741	0.734000864	0.74245409	0.72044006	0.72914414	0.747438293	0.728419486
0.637506829	0.640860758	0.739845334	0.731384888	0.676088719	0.701536116	0.718253201	0.708561543	0.665254201	0.695006476	0.690283369	0.695093952	0.721344646	0.688924782	0.630597199	0.748436714	0.748151792	0.720351438	1	0.756660608	0.75976318	0.741075304	0.69621545	0.70873773	0.707551605	0.701792523	0.704611199	0.721104162	0.732116301	0.661499897	0.636532103	0.705550049	0.683921664	0.691002927	0.739543182	0.660995204	0.74407301	0.750570662	0.72506443	0.749539846	0.745062775	0.761515455	0.7333872	0.729811236	0.692202357	0.696733137	0.731007195	0.704203611	0.682827247	0.662544401	0.6671193	0.666904331	0.688536391	0.697355019	0.697798993	0.695409164	0.709564304	0.724669742	0.669908755	0.659801426	0.675074587	0.727789178	0.696262968	0.684445298	0.692868767	0.696317997	0.685091633	0.690419952	0.697790819	0.719950109	0.717911412	0.684088859	0.658266892	0.663893866	0.677905111	0.686309068	0.698750206	0.701268097	0.654036921	0.712716749	0.646622049	0.687977491	0.65152435	0.707958237	0.676677905	0.712469063	0.708510332	0.684040877	0.658344135	0.673244143	0.696799576	0.717885884	0.690527849	0.722714131	0.629227374
0.634167575	0.64577425	0.737183194	0.73894139	0.680033776	0.712001046	0.712104854	0.721608269	0.683717892	0.71126286	0.703373498	0.717155123	0.732396006	0.704315057	0.655509815	0.726873531	0.743672252	0.722725922	0.756660608	1	0.739322204	0.726747209	0.701579825	0.709748998	0.710182118	0.704684799	0.712872504	0.702152379	0.731551669	0.67322925	0.641385738	0.717155406	0.699881909	0.705405414	0.745540191	0.662817795	0.750155992	0.759165168	0.735046258	0.745412849	0.740917515	0.754149424	0.736059731	0.733041499	0.702370647	0.712862151	0.732041508	0.718816114	0.711843309	0.684546086	0.691212519	0.689454729	0.698537744	0.701442684	0.713820601	0.718317889	0.721467444	0.726171353	0.677708628	0.682726861	0.683917607	0.722202504	0.690363754	0.68306344	0.699322657	0.700060948	0.701252652	0.705436536	0.717939833	0.71625849	0.722495996	0.683920589	0.678866172	0.673445311	0.701607336	0.695318182	0.719963051	0.715802537	0.68574487	0.718168438	0.673982814	0.686351465	0.649894844	0.705947265	0.67707517	0.720173281	0.702046827	0.707560852	0.676426216	0.683272762	0.708240208	0.716007655	0.702811094	0.734650685	0.645577234
0.59542585	0.603082139	0.748968302	0.692145365	0.631414586	0.659986439	0.687036298	0.671932457	0.62692529	0.731553327	0.657785748	0.664813382	0.704465723	0.687869873	0.604899729	0.771279877	0.729096605	0.688065461	0.75976318	0.739322204	1	0.745424383	0.662333814	0.721020828	0.676784972	0.666829854	0.693445931	0.732379711	0.70940976	0.610901174	0.590754193	0.657077557	0.622257697	0.701381902	0.692539222	0.623749369	0.693598555	0.751559739	0.689182652	0.707084371	0.714054219	0.746107993	0.685628655	0.681798438	0.656348582	0.670933185	0.707592131	0.672749862	0.65196729	0.617475966	0.63204763	0.632706435	0.633455302	0.651613258	0.6689905	0.68411942	0.700672112	0.693977659	0.628958777	0.639318345	0.663924381	0.732233078	0.656985771	0.637658693	0.679069922	0.711088519	0.676896361	0.694446895	0.730094211	0.705654347	0.732685075	0.711180625	0.624653755	0.62838485	0.682026081	0.740924937	0.706779177	0.695973853	0.639084124	0.728403988	0.647215186	0.657354438	0.589738027	0.70752517	0.636771466	0.722795512	0.73454907	0.700231813	0.628996238	0.629330939	0.663342567	0.71875145	0.663018649	0.688354623	0.579195686
0.595807682	0.61743394	0.748121812	0.713628408	0.650351251	0.676834691	0.72333633	0.699463469	0.643118315	0.724292654	0.679788582	0.698260874	0.715596877	0.700668331	0.626195827	0.747848457	0.738720672	0.701529523	0.741075304	0.726747209	0.745424383	1	0.679203823	0.774603409	0.69455046	0.693054263	0.700803079	0.762661814	0.724604346	0.643166254	0.614144033	0.69454079	0.646197628	0.722868526	0.706906357	0.632224399	0.725265735	0.753876986	0.699496221	0.717950036	0.72634325	0.754919816	0.701624084	0.693904887	0.677311999	0.688732027	0.730705908	0.70527131	0.677638798	0.651283933	0.648550875	0.658757532	0.66377604	0.676425255	0.698465786	0.707073579	0.752299045	0.72065271	0.656973439	0.669340114	0.685163029	0.751396211	0.677161644	0.665453361	0.682068759	0.717425291	0.706989865	0.716016411	0.745083188	0.70274905	0.741724716	0.713479821	0.650397299	0.644067611	0.701492208	0.732070721	0.701755646	0.703784849	0.658917985	0.741549067	0.649239454	0.663772451	0.606760716	0.712105511	0.646252297	0.725369247	0.740311003	0.716274835	0.650405726	0.657862689	0.687428722	0.734218212	0.68316741	0.719140146	0.598835943
0.715155084	0.719821477	0.6926238	0.703506971	0.727401556	0.738194522	0.714230904	0.728412965	0.730869782	0.663955505	0.745615168	0.715480543	0.723377473	0.719390259	0.70258416	0.685094011	0.717368339	0.742120417	0.69621545	0.701579825	0.662333814	0.679203823	1	0.644690792	0.735822587	0.736661192	0.728555944	0.619771972	0.741027929	0.714858203	0.713321447	0.718656014	0.746241664	0.679426882	0.746661266	0.719483855	0.75260911	0.728927414	0.763299646	0.750908443	0.746076317	0.72634504	0.753551504	0.757395212	0.735764769	0.736127746	0.728319708	0.72555778	0.707479454	0.706293961	0.719949245	0.736075888	0.740030181	0.737369124	0.752311685	0.722311567	0.656795489	0.740028981	0.719133216	0.715315513	0.719664793	0.703684059	0.724112896	0.726141807	0.726515478	0.673042268	0.680746173	0.655165781	0.656612132	0.724503201	0.66504569	0.612802888	0.720574585	0.734334248	0.677470886	0.605021134	0.694413759	0.714678098	0.724578165	0.664328369	0.681338464	0.717022244	0.713377342	0.728364657	0.733110478	0.692089571	0.683522651	0.67443855	0.728776223	0.727766661	0.724499867	0.685264801	0.717523978	0.722945154	0.713035286
0.571150087	0.592939839	0.734395887	0.71331952	0.621904999	0.647662129	0.705331242	0.680098978	0.626349042	0.742568373	0.655046599	0.683133868	0.708716319	0.705464584	0.625837476	0.729769502	0.718574667	0.670356009	0.70873773	0.709748998	0.721020828	0.774603409	0.644690792	1	0.661837921	0.664189961	0.705002033	0.765137564	0.699898157	0.616083233	0.602487018	0.680012879	0.613768735	0.739815428	0.686426004	0.613163643	0.689355807	0.736960422	0.669457987	0.690978077	0.682726959	0.736221849	0.665721629	0.653198013	0.650266029	0.687636519	0.712234932	0.685165414	0.65474004	0.629706766	0.616076075	0.625449572	0.638170519	0.646319036	0.672203465	0.70395462	0.763712549	0.69651072	0.634812844	0.671702064	0.664024456	0.739012622	0.649008334	0.650383814	0.664994137	0.727312981	0.724991292	0.734306695	0.756060772	0.682206612	0.748120197	0.749963445	0.640390628	0.624842224	0.719595191	0.751332076	0.70783652	0.704590825	0.642849456	0.750167046	0.624147103	0.651727732	0.578768356	0.694869647	0.625639372	0.726024718	0.744125597	0.733630799	0.630655211	0.632284373	0.669528781	0.738386157	0.673606756	0.72472776	0.560183555
0.723402624	0.715327591	0.719351677	0.718741462	0.737007411	0.754393354	0.735846124	0.745292853	0.717353698	0.682859046	0.751180192	0.725704282	0.712609717	0.71776006	0.706101609	0.694946967	0.739912065	0.752743547	0.707551605	0.710182118	0.676784972	0.69455046	0.735822587	0.661837921	1	0.747438689	0.734839955	0.638749514	0.775268087	0.72426609	0.706075072	0.734017548	0.752966169	0.695723831	0.74050991	0.736809636	0.754529993	0.736913216	0.75692022	0.749587546	0.761042944	0.735016612	0.746153183	0.756773907	0.737483983	0.747699809	0.739002165	0.75239326	0.746160245	0.73676993	0.745608353	0.749241505	0.742773501	0.73817238	0.746963466	0.743702911	0.684697869	0.754251977	0.717726751	0.707713688	0.718404376	0.722303464	0.746543983	0.743406735	0.737115792	0.690273121	0.695352656	0.66780474	0.681686821	0.737255505	0.688971926	0.617140423	0.724295187	0.719269303	0.691152141	0.633004369	0.707652257	0.725123082	0.73293553	0.687152738	0.716454437	0.702135404	0.716598983	0.73332235	0.738161645	0.696630041	0.69202222	0.681417418	0.74324229	0.727115003	0.742106601	0.69660096	0.712197775	0.721973436	0.717536628
0.720085176	0.727015029	0.705480916	0.725147726	0.737949384	0.745673207	0.745553376	0.752246523	0.724339167	0.67471554	0.747111753	0.72689017	0.710788569	0.712531654	0.713658857	0.679463969	0.737586629	0.745659934	0.701792523	0.704684799	0.666829854	0.693054263	0.736661192	0.664189961	0.747438689	1	0.75486666	0.65488191	0.739007718	0.729891699	0.717655376	0.732832997	0.742928917	0.707366446	0.749913636	0.725388147	0.754764562	0.726233659	0.756433567	0.753233196	0.742655927	0.730176585	0.752393889	0.754219205	0.747283228	0.749255044	0.736916478	0.750616999	0.727540277	0.7406751	0.745284234	0.734653617	0.750747664	0.75118836	0.747131005	0.738133774	0.681896106	0.747122127	0.720567875	0.714556382	0.723524181	0.722789623	0.743667234	0.748432912	0.734986801	0.705514705	0.697984766	0.676095276	0.678737947	0.734950937	0.687153073	0.621436451	0.729728151	0.728382093	0.691777807	0.625285083	0.70736746	0.716528338	0.712395607	0.663247918	0.696048081	0.704972485	0.720612189	0.725642213	0.74044372	0.706821785	0.697906936	0.673898108	0.747744785	0.726837206	0.737437741	0.704716372	0.716638086	0.721596723	0.715714351
0.693230437	0.707512555	0.723779804	0.729207425	0.713102949	0.729217071	0.736362892	0.740140103	0.713392824	0.717282261	0.731806675	0.716403872	0.725416388	0.736785207	0.715390356	0.715929375	0.744615424	0.746104516	0.704611199	0.712872504	0.693445931	0.700803079	0.728555944	0.705002033	0.734839955	0.75486666	1	0.681151029	0.733323037	0.694993893	0.703329605	0.728836409	0.718224203	0.740880842	0.748715888	0.71492327	0.747207972	0.744067126	0.749259171	0.749929657	0.738298789	0.749846401	0.736566545	0.736524316	0.738683796	0.753511049	0.738304611	0.740008137	0.713377802	0.718418145	0.714504557	0.726503618	0.727162836	0.72380647	0.747204309	0.751127251	0.713301912	0.747035169	0.702163544	0.72319541	0.724352293	0.728809576	0.72034243	0.726065232	0.737410026	0.731626953	0.736557472	0.703024856	0.706547415	0.732453805	0.713148633	0.680940765	0.717435325	0.716868883	0.716533465	0.667098221	0.723259939	0.738869897	0.712653915	0.713087199	0.689762573	0.70947698	0.695830441	0.750148519	0.723588654	0.734308516	0.73116088	0.72610037	0.736118245	0.708506652	0.733205742	0.737043013	0.727057922	0.751213054	0.683772297
0.544803658	0.571965805	0.725031705	0.690808128	0.610581624	0.625865291	0.689189554	0.656290504	0.597267608	0.711035013	0.634755055	0.666937292	0.699413911	0.684648929	0.584406761	0.734055967	0.704995816	0.656636831	0.721104162	0.702152379	0.732379711	0.762661814	0.619771972	0.765137564	0.638749514	0.65488191	0.681151029	1	0.686961757	0.589224258	0.575585852	0.659604386	0.58856218	0.714609002	0.671892257	0.582472487	0.683557321	0.726224244	0.653748105	0.681527456	0.676510918	0.726049605	0.660261675	0.638476409	0.629851194	0.65609511	0.701521454	0.657224608	0.621445615	0.596698315	0.589550332	0.597722582	0.611481127	0.630020633	0.653724388	0.668049538	0.74358819	0.686198401	0.617339106	0.635187832	0.651178953	0.725147008	0.638427941	0.63017014	0.641896786	0.707011032	0.686792188	0.719264399	0.740787727	0.676798142	0.733071824	0.73029071	0.598449291	0.599193829	0.678386071	0.741230911	0.67933548	0.673680804	0.612609923	0.73862115	0.587904713	0.624308822	0.558603642	0.678820333	0.602429476	0.705068904	0.73364472	0.705609774	0.604273446	0.613352114	0.644865271	0.72985071	0.651299051	0.693459218	0.541009772
0.698051421	0.690800797	0.729369468	0.722541047	0.729632157	0.738976902	0.740468162	0.73679497	0.708058714	0.689752541	0.739237661	0.730074706	0.735408855	0.726526859	0.688742772	0.723393913	0.739627202	0.742212723	0.732116301	0.731551669	0.70940976	0.724604346	0.741027929	0.699898157	0.775268087	0.739007718	0.733323037	0.686961757	1	0.698062569	0.691561123	0.728457593	0.730579641	0.706450232	0.749479522	0.709136628	0.760411694	0.756307757	0.754765248	0.756712534	0.759311195	0.757322981	0.759033081	0.757154719	0.724459748	0.742135139	0.744350827	0.742589573	0.719847799	0.706561186	0.716338046	0.726950369	0.726124201	0.738291235	0.748106799	0.735481556	0.704574341	0.753463985	0.711012615	0.700337767	0.718981065	0.739645452	0.738321563	0.734170125	0.726737178	0.696805861	0.701419059	0.693725388	0.705363769	0.747052563	0.71486384	0.643573227	0.701186166	0.717339728	0.693547791	0.657938472	0.711975526	0.716628866	0.709983355	0.708239733	0.689052154	0.72497616	0.691096356	0.740274333	0.721397781	0.725152854	0.720600341	0.69366512	0.726908681	0.7176411	0.729522533	0.708970942	0.711701577	0.736698783	0.692238653
0.728493474	0.727430947	0.670196768	0.690675223	0.713683747	0.728274332	0.702547589	0.712144992	0.741322215	0.654490436	0.743053142	0.725469661	0.691217614	0.698926499	0.734426793	0.617507152	0.709225495	0.723859237	0.661499897	0.67322925	0.610901174	0.643166254	0.714858203	0.616083233	0.72426609	0.729891699	0.694993893	0.589224258	0.698062569	1	0.714405448	0.735711383	0.752520013	0.656752831	0.719612544	0.730132803	0.721947321	0.693151731	0.739948819	0.725873042	0.716062712	0.683543809	0.72780157	0.73450475	0.726947018	0.72356563	0.710522442	0.724624562	0.722242784	0.728004722	0.728585964	0.734244928	0.744616065	0.72593575	0.73501559	0.707274839	0.665665211	0.730221932	0.732849047	0.728338953	0.721371606	0.694644626	0.731108747	0.724918704	0.734698493	0.664561952	0.679420315	0.656169609	0.644382668	0.692252654	0.642842583	0.589055353	0.746496802	0.728132665	0.681312187	0.591842363	0.674850776	0.69564197	0.730548135	0.641148431	0.681783957	0.695373019	0.736036092	0.687934789	0.738049418	0.638204418	0.645926336	0.650614015	0.735857188	0.735563927	0.726817493	0.662753201	0.722703946	0.691488231	0.740268181
0.718236835	0.707780569	0.651724973	0.682968775	0.713895529	0.717211213	0.694382522	0.706367809	0.709030637	0.629002147	0.723498972	0.680243489	0.672583035	0.6901513	0.717202518	0.608916987	0.692610727	0.711252211	0.636532103	0.641385738	0.590754193	0.614144033	0.713321447	0.602487018	0.706075072	0.717655376	0.703329605	0.575585852	0.691561123	0.714405448	1	0.73796574	0.729643731	0.65575424	0.710244488	0.721945967	0.709929478	0.684444733	0.732151328	0.710908069	0.702011823	0.670119156	0.712392072	0.7123273	0.722838459	0.723208471	0.70234131	0.702561983	0.689141232	0.70361656	0.701160808	0.724920689	0.724028247	0.705678774	0.719462263	0.704622697	0.645614313	0.710211283	0.711760696	0.709942327	0.693007831	0.663557458	0.704884979	0.722448553	0.70931608	0.660100359	0.672566444	0.636028235	0.623036346	0.690426558	0.630703369	0.574478294	0.716056267	0.706897441	0.669603979	0.570637058	0.675889115	0.693691719	0.715757522	0.632549603	0.669591481	0.672150114	0.714496274	0.689402681	0.71369153	0.635416748	0.636244946	0.643122579	0.729730077	0.715600522	0.725780634	0.658594487	0.698084567	0.693461509	0.695661884
0.695205932	0.707024609	0.712014173	0.733162448	0.719189128	0.733050401	0.728531969	0.741162444	0.719268703	0.692520613	0.747076985	0.7370842	0.726156653	0.721105815	0.729896361	0.67964458	0.743658096	0.746615842	0.705550049	0.717155406	0.657077557	0.69454079	0.718656014	0.680012879	0.734017548	0.732832997	0.728836409	0.659604386	0.728457593	0.735711383	0.73796574	1	0.738047942	0.711842403	0.753761086	0.710023457	0.753639315	0.729612485	0.751646105	0.751881739	0.743700491	0.726597613	0.744630198	0.746323554	0.747234091	0.744379272	0.743545756	0.736547145	0.724181849	0.722685768	0.725491057	0.735732879	0.743834123	0.734120376	0.739268768	0.730801655	0.712345584	0.748891439	0.72260007	0.724395499	0.719066083	0.724371358	0.727451606	0.717435096	0.729855597	0.699198186	0.714013356	0.693103785	0.694967838	0.717232408	0.693164604	0.649327798	0.73198389	0.714560957	0.709629529	0.650479986	0.708963737	0.718561877	0.732759371	0.69303194	0.682855491	0.690069206	0.706841731	0.718708786	0.723798244	0.693068942	0.695590653	0.692292457	0.730524882	0.727875787	0.743391971	0.709246883	0.729952985	0.741714932	0.709186447
0.740239692	0.735986597	0.681906622	0.712222439	0.746587661	0.758379585	0.726123004	0.743205547	0.744951234	0.650130671	0.755928837	0.720276183	0.705370843	0.703080277	0.717999235	0.643626487	0.719984427	0.744955248	0.683921664	0.699881909	0.622257697	0.646197628	0.746241664	0.613768735	0.752966169	0.742928917	0.718224203	0.58856218	0.730579641	0.752520013	0.729643731	0.738047942	1	0.656501847	0.755273805	0.743552114	0.763147558	0.721185566	0.774043682	0.758246952	0.760255013	0.7201802	0.768574576	0.775760328	0.747968983	0.738718712	0.730101518	0.742738798	0.737414216	0.74197763	0.748078917	0.752307088	0.759739258	0.735651413	0.749621148	0.718811477	0.654920879	0.743051275	0.731156223	0.714400422	0.703095334	0.695787313	0.738687581	0.748191032	0.737347014	0.656829504	0.670142267	0.653199166	0.63638656	0.726256377	0.648488992	0.580490301	0.73688476	0.740752706	0.674454734	0.580925238	0.688607247	0.714968247	0.739980361	0.648786822	0.691369216	0.720852738	0.74230227	0.706518376	0.749100457	0.660254758	0.646675184	0.653542641	0.750012144	0.740524114	0.740784544	0.665871455	0.722847922	0.717088751	0.742205574
0.628790826	0.666711734	0.739538677	0.73552903	0.661730034	0.694760176	0.705142993	0.709746773	0.674593746	0.749443445	0.709051499	0.699677015	0.717602518	0.716832174	0.68934464	0.732814013	0.732816724	0.716669954	0.691002927	0.705405414	0.701381902	0.722868526	0.679426882	0.739815428	0.695723831	0.707366446	0.740880842	0.714609002	0.706450232	0.656752831	0.65575424	0.711842403	0.656501847	1	0.730116248	0.665010627	0.727593644	0.746514943	0.711983933	0.719985322	0.716037844	0.743352762	0.692351818	0.688146941	0.706792745	0.720427588	0.719798685	0.711315501	0.675447164	0.673193234	0.67989514	0.68904018	0.689626471	0.680035292	0.704939001	0.743342387	0.74642741	0.718995293	0.670104914	0.721715281	0.702705636	0.728507616	0.688697993	0.676484737	0.706325046	0.749537803	0.761239663	0.706416193	0.741171319	0.705165782	0.745684346	0.728925479	0.689250061	0.667512171	0.745758148	0.730754135	0.736470238	0.726383805	0.693524032	0.744361771	0.682591756	0.657329612	0.643002284	0.728838385	0.674048523	0.736928781	0.734247735	0.746573764	0.684901048	0.672519181	0.714650879	0.762306988	0.719393637	0.74132512	0.641311779
0.698056791	0.70930133	0.741719738	0.760516765	0.732779185	0.765577457	0.742670658	0.766412119	0.722866854	0.705225569	0.754732195	0.719294209	0.734835284	0.711978241	0.702129128	0.726262515	0.76693694	0.761929597	0.739543182	0.745540191	0.692539222	0.706906357	0.746661266	0.686426004	0.74050991	0.749913636	0.748715888	0.671892257	0.749479522	0.719612544	0.710244488	0.753761086	0.755273805	0.730116248	1	0.72310063	0.795792011	0.76962991	0.786274252	0.793800286	0.788784474	0.776474039	0.783512299	0.782473316	0.767339774	0.743768629	0.756867633	0.744261232	0.719370809	0.728412686	0.741499927	0.747992371	0.758751035	0.740327464	0.7430866	0.744582095	0.712081842	0.756659041	0.727573314	0.725977728	0.706405778	0.72436233	0.730325005	0.728648042	0.735592138	0.716474074	0.723590207	0.691713538	0.697389553	0.747055388	0.711288347	0.671224692	0.72817717	0.717774717	0.719783475	0.666785548	0.73291921	0.7450419	0.729462381	0.709027393	0.704012866	0.709811972	0.710528783	0.736396353	0.733207118	0.726685354	0.701362465	0.720301483	0.726873475	0.734311471	0.754892813	0.732333945	0.750103927	0.763686512	0.708185544
