1	0.979762604	0.973217965	0.972977094	0.95674291	0.96425426	0.965328592	0.9779053	0.9759364	0.973665048	0.977369154	0.978490449	0.973957798	0.982459061	0.979648871	0.97844627	0.984202588	0.953876679	0.971500547	0.979329536	0.977988164	0.976438152	0.976415609	0.935508346	0.960719406	0.983998862	0.977973568	0.97507159	0.974483764	0.978397121	0.976531567	0.987207181	0.983473921	0.987934808	0.976268203	0.977899563	0.981444093	0.974933377	0.983210455	0.981623628	0.951147854	0.977842705	0.981173743	0.969480894	0.978683639	0.965072397	0.975009246	0.978640596	0.975800625	0.979424061	0.974065997	0.973636603	0.97841015	0.97789826	0.983150615	0.98335502	0.981358752	0.98135522	0.981624008	0.9825163	0.982013306	0.981903181	0.976293133	0.972437802	0.955231695	0.977311031	0.976985636	0.978027643	0.96956596	0.96498804	0.972110614	0.967244383	0.967965353	0.968541084	0.962351735	0.969246331	0.975479671	0.979773865	0.982408757	0.944022383	0.980167664	0.97688078	0.973448136	0.983154965	0.982528644	0.979553418	0.977970278	0.978981004	0.979854375	0.971191805	0.971932557	0.976532883	0.96408185	0.97569432	0.976553291	0.968165535	0.972145654	0.981424216	0.973149684	0.971235268	0.950435405	0.971467238	0.978181	0.965071998	0.959447292	0.979161686	0.962644744	0.978557781	0.970957553	0.96398992	0.964733489	0.97511635	0.972542818	0.979502883	0.973938903	0.982037344	0.966016379	0.974207752	0.970798335	0.969613396	0.965696539	0.975518842	0.97074821	0.972658989	0.96627331	0.978020924	0.96397921	0.970007983	0.972811664	0.978369601	0.965214659	0.974610538	0.97589505	0.961646888	0.985479559	0.974518391	0.973140316	0.961146768	0.956417797	0.981706743	0.974366846	0.977097993	0.958280625	0.975169533	0.978225064	0.976804262	0.973929381	0.952258283	0.971607008	0.972816858	0.972591356	0.928518396	0.979463646	0.964946141	0.969543558	0.973719458	0.9763064	0.981095416	0.978969396	0.965986717	0.975175085	0.965888662	0.970124882	0.970620349	0.966147167	0.97102347	0.975013941	0.969885087	0.979153902	0.979452008	0.976649189	0.979284838	0.982137269	0.979297307	0.975146576	0.977068023	0.972331706	0.957870454	0.961508483	0.971719864	0.967151145	0.970916451	0.978878617	0.978658401	0.960173979	0.973813182	0.972000376	0.97966574	0.977782138	0.978025294	0.973603319	0.974118064	0.971498633	0.977951394	0.968501934	0.976063746	0.971437424	0.980757022	0.97223736	0.97665267	0.975331917	0.981939476	0.946596318	0.948997249
0.979762604	1	0.977828149	0.996141692	0.984436167	0.991164832	0.983005955	0.988408434	0.992620601	0.979438311	0.990259922	0.986594612	0.981096087	0.987477117	0.988286108	0.986992196	0.992399168	0.956346392	0.985049045	0.98209811	0.991273033	0.984904925	0.97782438	0.943836601	0.965539257	0.984048986	0.985080337	0.981929559	0.975736601	0.984153569	0.986743981	0.987315697	0.988036272	0.988727551	0.984308374	0.983143097	0.981374943	0.990210697	0.982852025	0.985858886	0.951699417	0.989320492	0.97991329	0.976778755	0.992407975	0.983942102	0.98856727	0.990470651	0.989108969	0.992846561	0.986900067	0.985525834	0.986100247	0.989224685	0.991519091	0.995743976	0.994816101	0.993997481	0.99372329	0.992045517	0.991573883	0.983854351	0.980597051	0.970966251	0.948066017	0.987308098	0.991466958	0.993718742	0.984936666	0.976878007	0.977918525	0.976846319	0.971634518	0.974134276	0.963899757	0.98142987	0.985283956	0.983845091	0.984071624	0.943302028	0.979728775	0.979514705	0.979388263	0.986646044	0.98728602	0.993471132	0.984983755	0.990719348	0.979715479	0.987468984	0.985319497	0.987196393	0.977536355	0.987876936	0.989235799	0.985741907	0.980702152	0.992554597	0.990680333	0.983556212	0.955807606	0.993246689	0.986578949	0.982643314	0.987901551	0.991825052	0.978264641	0.984900493	0.983970178	0.980202393	0.979212615	0.979325349	0.972304099	0.984518354	0.974881199	0.991638779	0.986191334	0.988716839	0.983809099	0.979902577	0.976646332	0.984656078	0.981176845	0.978104211	0.967160438	0.986661452	0.984770415	0.968684326	0.989560601	0.992273989	0.964853905	0.988582253	0.991361836	0.969914098	0.987926811	0.984513376	0.984486701	0.962559252	0.958780848	0.990678506	0.975042299	0.980717927	0.962837034	0.984614289	0.990452322	0.991355627	0.992334871	0.966610266	0.991270643	0.99181457	0.993102844	0.95272128	0.994328264	0.991068379	0.989767035	0.991702488	0.994280195	0.975171793	0.989525312	0.957914731	0.989067068	0.983241326	0.987190925	0.986117289	0.985469827	0.984781453	0.996996044	0.990388071	0.984371727	0.984846762	0.993562788	0.991120934	0.9904132	0.991957009	0.994287752	0.986871093	0.970075644	0.955055341	0.964194518	0.968212132	0.986746275	0.98110895	0.989539331	0.987878936	0.97405297	0.984570292	0.983530432	0.986283021	0.976516892	0.98296672	0.986573462	0.976580817	0.993937458	0.98837753	0.974239414	0.976915637	0.987716487	0.98505942	0.981284054	0.973525647	0.983126538	0.991436077	0.958603575	0.972639041
0.973217965	0.977828149	1	0.978302491	0.971474734	0.973271798	0.964841484	0.968349545	0.972964992	0.96828117	0.976983368	0.970172908	0.961404008	0.971987944	0.967475873	0.964469539	0.979312222	0.942702314	0.975062687	0.969711483	0.964406152	0.973262453	0.966371084	0.936255459	0.960177394	0.97597401	0.979231894	0.981033279	0.986428693	0.984768521	0.982965715	0.982612747	0.980700993	0.980551203	0.98434784	0.98173792	0.98241339	0.974718452	0.979905711	0.980622095	0.942866069	0.978986114	0.993814543	0.968616233	0.978850206	0.962447613	0.984831629	0.981373326	0.97653072	0.968800403	0.984057039	0.983509787	0.984098595	0.985302499	0.981197097	0.983287896	0.985764867	0.9848616	0.981347158	0.982706095	0.984950742	0.984318133	0.987638656	0.96842983	0.948576576	0.96237919	0.970559813	0.971101497	0.97943574	0.970642626	0.978985915	0.978564846	0.96068125	0.964943396	0.947866744	0.97605532	0.984725597	0.975928532	0.973985879	0.941479489	0.977732365	0.98464024	0.990134131	0.990498211	0.976501914	0.975509695	0.969555129	0.98439884	0.976837218	0.978658434	0.981629147	0.978855924	0.972563688	0.97124571	0.976170166	0.979745936	0.969450533	0.976776761	0.978563814	0.977953691	0.956288668	0.975829212	0.988038184	0.963936521	0.976948642	0.9874385	0.955764251	0.972739313	0.977172799	0.973512273	0.942516029	0.975967776	0.97840969	0.983301304	0.96966775	0.979309273	0.977578321	0.966103211	0.970252793	0.9630915	0.975772062	0.978643466	0.975733306	0.97317378	0.954676777	0.989375498	0.972077691	0.961886202	0.98240925	0.967759917	0.961793236	0.980581412	0.977513129	0.952650447	0.984472333	0.987060439	0.981820984	0.963708138	0.936888111	0.976838838	0.966694619	0.985321473	0.952198399	0.965949908	0.973509821	0.971472791	0.97941922	0.957872274	0.978742665	0.978679626	0.973132593	0.912792802	0.981199755	0.968956825	0.977208927	0.980594368	0.98113272	0.976867887	0.979905738	0.954192006	0.979604544	0.974729569	0.965526023	0.972607222	0.975838648	0.958134535	0.975824312	0.975276938	0.976820142	0.979428677	0.982661101	0.98327103	0.985296242	0.975280896	0.975424429	0.976082841	0.975004676	0.97374059	0.966991858	0.984702219	0.979573	0.97152417	0.980949954	0.978378129	0.954043706	0.977365026	0.976534486	0.976851285	0.972204695	0.977129915	0.964293217	0.962906387	0.967666343	0.986131297	0.965944639	0.979682619	0.970325396	0.967815007	0.962237802	0.968995708	0.978640738	0.975257802	0.937580421	0.968343317
0.972977094	0.996141692	0.978302491	1	0.985483881	0.994951925	0.983788355	0.984703812	0.991267414	0.976839154	0.990889556	0.98417028	0.982449877	0.984787385	0.987529722	0.981695306	0.991645175	0.948415947	0.983343014	0.983557123	0.985775809	0.982856993	0.975616374	0.937032559	0.968025435	0.97954865	0.980206021	0.977635371	0.975838129	0.982236313	0.985902019	0.986125003	0.984711931	0.986487354	0.980062128	0.985903423	0.980377635	0.990194547	0.983536773	0.987536445	0.947371452	0.990813021	0.981276492	0.977645237	0.993156139	0.98334784	0.989167556	0.989927341	0.988851209	0.989563626	0.989877432	0.988996582	0.988154375	0.991225583	0.990317821	0.994369919	0.99569268	0.992761659	0.992228179	0.990579644	0.990505491	0.985402954	0.983665021	0.967741935	0.943047029	0.985503189	0.992556789	0.993609045	0.988763314	0.980155615	0.981233113	0.982368748	0.972196702	0.977685537	0.961240374	0.986105687	0.9888508	0.980498553	0.980726769	0.937609793	0.977813158	0.979488873	0.980879907	0.985914454	0.988080186	0.993732595	0.984254367	0.992383089	0.977914942	0.987891946	0.986630924	0.988828398	0.977713815	0.988924621	0.991522901	0.987499624	0.979292516	0.991648028	0.989115685	0.98488662	0.955511909	0.995143165	0.987388187	0.98511607	0.988174377	0.991938137	0.975977486	0.980755101	0.984881563	0.981269251	0.971319486	0.981034924	0.976172157	0.987431059	0.972443657	0.992709561	0.989801211	0.988392128	0.983816287	0.980045396	0.979316286	0.980494157	0.984819686	0.981836274	0.962548143	0.989032448	0.988907712	0.962062117	0.990307934	0.989035934	0.962474438	0.985494468	0.990594006	0.970994113	0.987411618	0.98703941	0.984075124	0.957078277	0.948428408	0.988635905	0.973682962	0.982487245	0.957434126	0.983701859	0.99187697	0.99262047	0.994325209	0.965698626	0.994371905	0.993915468	0.992103107	0.952711074	0.99408404	0.993438311	0.993275873	0.995069082	0.995027417	0.97579748	0.986946585	0.954371166	0.990227467	0.981972191	0.981745324	0.982737922	0.982702955	0.979413415	0.994267286	0.992660395	0.984611678	0.98552826	0.99342486	0.991935349	0.992471602	0.991241068	0.994291295	0.985349604	0.973105584	0.961720621	0.970403358	0.973731186	0.984547749	0.98350804	0.989422807	0.986836042	0.973234108	0.987507402	0.98545426	0.984244151	0.97512094	0.983999674	0.984903158	0.970946987	0.992095154	0.991632971	0.969953742	0.97937647	0.987117021	0.980447057	0.983174789	0.969731012	0.986283131	0.988222095	0.94496082	0.97581527
0.95674291	0.984436167	0.971474734	0.985483881	1	0.988424835	0.981989275	0.979873827	0.985580034	0.971066648	0.985104762	0.982824462	0.972813547	0.975157265	0.977242396	0.976846406	0.979213556	0.940685853	0.975437834	0.965864627	0.977183976	0.972358662	0.97362969	0.930974354	0.952643811	0.966499309	0.972908491	0.970203814	0.968454809	0.972846191	0.979915971	0.976329002	0.976994533	0.9791448	0.976058471	0.975014392	0.972868405	0.971042696	0.968294733	0.971737123	0.933444685	0.974771605	0.97495187	0.962744304	0.980207114	0.974690016	0.982315935	0.977882258	0.982922972	0.98103096	0.986532557	0.984965573	0.98349788	0.987660451	0.98121626	0.985753389	0.986758254	0.985747652	0.982663957	0.979704106	0.98261183	0.974471671	0.977990591	0.966904997	0.946674009	0.973593393	0.973769355	0.974944709	0.979401674	0.965962139	0.975719857	0.969781914	0.965713637	0.970326819	0.958185678	0.976441402	0.972071305	0.97564297	0.975452732	0.948779578	0.971114649	0.9696766	0.973079101	0.974358928	0.972324162	0.981510732	0.966664176	0.981799634	0.970084607	0.980246152	0.979928748	0.984228826	0.975513691	0.976906713	0.974380851	0.977622427	0.966276551	0.974299957	0.98154052	0.975240947	0.954790002	0.979237878	0.97886646	0.977588603	0.987145253	0.985610018	0.96734063	0.971346635	0.961438841	0.967726609	0.958420144	0.976664415	0.971202272	0.974164196	0.961741519	0.98110347	0.978567348	0.974522881	0.973804057	0.977845405	0.97924393	0.981914327	0.980025035	0.975232189	0.957602746	0.982198952	0.983685844	0.957718349	0.981871516	0.974978272	0.954969234	0.981328412	0.980383582	0.958460259	0.976969908	0.97506717	0.981655286	0.953878375	0.93954593	0.983119061	0.964316569	0.97726748	0.95367798	0.968489506	0.974803455	0.976177597	0.984677727	0.954822266	0.984981859	0.985491716	0.988219577	0.949070029	0.983118696	0.988567891	0.986740463	0.985610517	0.98668136	0.968558375	0.983641477	0.946976415	0.982305864	0.995060328	0.988853472	0.990094535	0.992746402	0.982035799	0.983116018	0.981029691	0.973085121	0.974347065	0.985818786	0.983780692	0.978723004	0.982205608	0.987054814	0.977792834	0.957682217	0.9395786	0.950578049	0.951889283	0.982849013	0.976106926	0.977966465	0.978905093	0.975152188	0.979701021	0.982604854	0.978307425	0.967876748	0.974139302	0.97954281	0.96294677	0.980012318	0.976201556	0.968072789	0.971664861	0.976642111	0.969912844	0.964893868	0.961493052	0.964777091	0.976404791	0.94055782	0.964189585
0.96425426	0.991164832	0.973271798	0.994951925	0.988424835	1	0.987867416	0.98409856	0.991935069	0.977000301	0.990849338	0.984572414	0.979262767	0.983779297	0.986925067	0.978845341	0.986824662	0.938713504	0.977078042	0.974679535	0.982689729	0.974503455	0.971483144	0.920807572	0.956835285	0.977943951	0.982790141	0.977011343	0.975688231	0.982436316	0.985735702	0.983623418	0.984173844	0.984857667	0.974087147	0.987346461	0.981732174	0.986682148	0.981177011	0.985261011	0.934532267	0.982196037	0.975260072	0.97693912	0.992405693	0.985052816	0.992006036	0.991890862	0.99167489	0.986967148	0.989160394	0.987783382	0.987448348	0.989828763	0.988872921	0.991966521	0.992692016	0.991187782	0.988346295	0.985007005	0.988856564	0.985705537	0.985126606	0.962336015	0.938881055	0.981108816	0.990816804	0.990745595	0.990924165	0.980576992	0.980114863	0.979076882	0.969339889	0.974006259	0.960433682	0.988470606	0.985135495	0.980701026	0.978783712	0.939715828	0.973032583	0.974156878	0.979007092	0.983798521	0.982369184	0.989719185	0.976722871	0.991363211	0.972392491	0.990914348	0.989298303	0.98830379	0.97686334	0.988159994	0.988183643	0.987040429	0.972133829	0.982704342	0.985917788	0.984009551	0.955606338	0.991125713	0.985500065	0.982252164	0.987004724	0.990432537	0.971625292	0.974808567	0.977681882	0.974068058	0.959005721	0.975958901	0.972608743	0.983648004	0.963040099	0.988787369	0.9902323	0.986489857	0.98492742	0.983533058	0.984097648	0.983788672	0.986223238	0.98680997	0.955528389	0.987325741	0.992998232	0.952569228	0.98863728	0.983306137	0.953161795	0.988053823	0.990382671	0.972145816	0.984954151	0.978364015	0.978764273	0.948105402	0.940862896	0.985316369	0.966026915	0.977951473	0.948093566	0.979291017	0.988506838	0.989804318	0.997185869	0.963497998	0.997205436	0.996855508	0.994996541	0.946497369	0.992422067	0.998302481	0.997177121	0.997293995	0.996523991	0.975101104	0.988380269	0.943507181	0.991753538	0.984151642	0.980805108	0.98126145	0.983471648	0.973765248	0.988205389	0.991946598	0.983958932	0.982956478	0.993161908	0.993506926	0.989132632	0.988749034	0.994866098	0.987502422	0.96713763	0.956826812	0.963981045	0.964751016	0.984353111	0.976847182	0.991784651	0.982271873	0.971849454	0.979176275	0.983901921	0.981316422	0.971169398	0.979320612	0.989101615	0.957335841	0.992476781	0.989402019	0.967160024	0.97185232	0.982542564	0.97979945	0.974073219	0.965841966	0.983283524	0.986248576	0.932371332	0.977214488
0.965328592	0.983005955	0.964841484	0.983788355	0.981989275	0.987867416	1	0.989417976	0.991614856	0.983269998	0.993937992	0.986516626	0.982729803	0.985096737	0.985827029	0.979022765	0.982311888	0.927359439	0.969156947	0.960364983	0.979511559	0.970037913	0.972306744	0.89933438	0.951935209	0.980820504	0.98324091	0.983619717	0.97790207	0.982406884	0.989079952	0.987107102	0.982802048	0.983490587	0.968179695	0.983866486	0.986032522	0.977342661	0.98387775	0.983077889	0.913969409	0.97316159	0.967318191	0.973290321	0.99006007	0.979349943	0.979167831	0.982946387	0.98556677	0.981466428	0.980427914	0.98331193	0.981035103	0.984499388	0.98587059	0.985911618	0.987252108	0.984356025	0.978277071	0.977234662	0.984675333	0.983805772	0.982366958	0.961711219	0.935152069	0.982806989	0.98036934	0.98134943	0.983612586	0.971304893	0.972101213	0.966172618	0.961527642	0.965779987	0.955240954	0.984431601	0.974331002	0.974560012	0.972505767	0.938241406	0.965406233	0.962017558	0.974011898	0.979283478	0.977911243	0.980811405	0.962575952	0.98630946	0.967319836	0.984103213	0.985515635	0.978969184	0.967602889	0.980941173	0.986423806	0.981384542	0.962149026	0.980691714	0.983191318	0.973020031	0.943044927	0.986467872	0.984240345	0.975169221	0.983370889	0.982833274	0.968447181	0.972487819	0.969707091	0.969486183	0.947788785	0.974809847	0.966798862	0.977489436	0.953035115	0.981868959	0.984883415	0.979912839	0.971338215	0.979369475	0.986195122	0.980236111	0.973162518	0.980508011	0.952177995	0.977417231	0.985556164	0.951725128	0.980466031	0.971232177	0.938611219	0.985890736	0.98164187	0.970812086	0.986050683	0.968699139	0.960456245	0.925829514	0.932870204	0.979966277	0.961368504	0.974946264	0.931657521	0.968747888	0.977997323	0.978554048	0.987573332	0.960624674	0.9866784	0.986624712	0.986167669	0.943819326	0.982559622	0.98796667	0.986459014	0.987393411	0.988412859	0.968105376	0.980372138	0.93985437	0.983615271	0.981229043	0.976808527	0.981011936	0.981609386	0.968895874	0.979695251	0.97518876	0.972106342	0.972355199	0.981666407	0.983954507	0.978787146	0.978935117	0.983265439	0.982252538	0.962998363	0.953364498	0.958700646	0.961688273	0.973589117	0.970566077	0.983535051	0.977482729	0.964457479	0.970382164	0.978302821	0.973581716	0.965674055	0.97256619	0.993598429	0.94351762	0.980168649	0.983981184	0.963389126	0.966426922	0.983301011	0.973366635	0.963803809	0.957715301	0.972914019	0.98272158	0.924667695	0.970036162
0.9779053	0.988408434	0.968349545	0.984703812	0.979873827	0.98409856	0.989417976	1	0.993231732	0.99490221	0.991219495	0.994377168	0.991783335	0.993716154	0.992366648	0.989942525	0.993203459	0.961534851	0.984197378	0.97729209	0.991057801	0.987239093	0.982618447	0.934812873	0.965097005	0.985926185	0.979589109	0.980468037	0.97686189	0.979381721	0.986968446	0.984249182	0.981299877	0.983875968	0.977060731	0.985697462	0.982405121	0.979567367	0.985363558	0.983910268	0.949273234	0.984805159	0.974819963	0.978415892	0.9881985	0.982763708	0.981272139	0.984045634	0.985617764	0.993533236	0.978626667	0.977880987	0.978843972	0.984241821	0.98563246	0.988033105	0.988829354	0.988222607	0.988314721	0.990055888	0.986763072	0.983859658	0.980242243	0.980849445	0.963495366	0.990188171	0.983417476	0.984664331	0.981480484	0.976581812	0.981788068	0.97438632	0.977203113	0.976863118	0.974358328	0.981731545	0.982957445	0.986997041	0.987509464	0.959631436	0.980966701	0.978601068	0.979228217	0.98625367	0.984383312	0.991331236	0.981363024	0.986776024	0.985461278	0.980068308	0.983055608	0.978170112	0.977033478	0.984344453	0.985766795	0.97612522	0.979427954	0.989103039	0.988869228	0.978587545	0.95483256	0.986793154	0.984364187	0.980095209	0.97879786	0.98568558	0.970818492	0.987127266	0.967386911	0.977341789	0.970050818	0.98399652	0.978705673	0.98598944	0.9753718	0.98937067	0.984002434	0.986826892	0.980322526	0.979122997	0.975781965	0.980128604	0.97627614	0.981862514	0.977586312	0.982117862	0.980724073	0.975050458	0.981387568	0.984314954	0.966470852	0.984755102	0.984342936	0.974573605	0.990246698	0.978815161	0.972181496	0.954928187	0.966675899	0.990969577	0.981398546	0.983623685	0.961162834	0.983272873	0.984916761	0.985775041	0.98470793	0.957068872	0.983919713	0.983785825	0.988347646	0.945029483	0.991078554	0.982791007	0.983471482	0.984900772	0.990972403	0.980269869	0.988023576	0.971214966	0.987157238	0.98087215	0.98334642	0.987052134	0.983303899	0.98368222	0.988317259	0.979844052	0.980855517	0.984276203	0.98738055	0.987255341	0.986070723	0.989168333	0.988181487	0.980412978	0.974657167	0.959277616	0.968756645	0.967653463	0.986322159	0.976966802	0.986083253	0.990502159	0.980761217	0.976646184	0.983611941	0.989477159	0.984480766	0.988180039	0.992341335	0.968952111	0.982458978	0.985307448	0.980111774	0.97948514	0.988002557	0.983173668	0.98318984	0.980470831	0.983019405	0.991586516	0.957502206	0.955543128
0.9759364	0.992620601	0.972964992	0.991267414	0.985580034	0.991935069	0.991614856	0.993231732	1	0.986927752	0.992663946	0.990419318	0.985558592	0.988045555	0.992541226	0.985181639	0.988974995	0.94599747	0.977605734	0.973900616	0.988909338	0.978426311	0.97526447	0.925081834	0.964950768	0.98392781	0.985026979	0.980602512	0.978130794	0.982505354	0.990140664	0.989184654	0.987218987	0.986238474	0.977923219	0.986696304	0.986210356	0.988838234	0.985756659	0.985967909	0.938194756	0.984809087	0.977372264	0.971163814	0.992903296	0.984635714	0.987493679	0.988274885	0.992411628	0.990727983	0.982794351	0.984218614	0.982966116	0.986787849	0.986892244	0.992800167	0.992840513	0.989877851	0.987823893	0.988818114	0.987771007	0.986074579	0.982599038	0.967470333	0.945698062	0.990813768	0.98732522	0.988954072	0.985508501	0.97428941	0.976672487	0.972737456	0.96692642	0.969154815	0.96185577	0.982667343	0.984565492	0.980683117	0.979483325	0.942740228	0.972884032	0.972994495	0.977316272	0.986091443	0.98604233	0.991480621	0.977666404	0.989381	0.977023055	0.983332517	0.985464268	0.981660636	0.973018753	0.983364572	0.988459338	0.981568853	0.971311569	0.986708708	0.985567688	0.976824803	0.952520755	0.990116884	0.985608486	0.979308883	0.982304434	0.989699708	0.974370419	0.979405237	0.975069949	0.97540047	0.963984484	0.977200664	0.973439925	0.983810895	0.966130027	0.990146379	0.988879904	0.986817146	0.981075281	0.976194925	0.979632166	0.983316425	0.979346051	0.983920127	0.963124813	0.984646244	0.987229181	0.961729407	0.983109081	0.983737764	0.954596679	0.991691857	0.988648459	0.975602471	0.988899602	0.977508081	0.973102169	0.949184384	0.953326885	0.988649441	0.971087217	0.982019108	0.950190077	0.978725474	0.986664846	0.987747244	0.991569431	0.96271328	0.991568801	0.991284555	0.992577742	0.948850581	0.991252945	0.992202298	0.989638739	0.993112744	0.993146539	0.977859389	0.989260468	0.95237614	0.990129777	0.983376293	0.982261853	0.983757711	0.983834977	0.979988876	0.989148199	0.987933231	0.978620879	0.979772296	0.989258002	0.989775541	0.986362526	0.986037486	0.990923054	0.98723293	0.970653981	0.957936637	0.966147157	0.967394702	0.985280912	0.978667798	0.989877879	0.985852508	0.971376009	0.979273148	0.982610388	0.983290503	0.97435886	0.982001283	0.990992729	0.961840133	0.988589612	0.989032309	0.96772048	0.973102722	0.988868276	0.981670071	0.979647789	0.970728547	0.982995698	0.989908023	0.945719514	0.969857707
0.973665048	0.979438311	0.96828117	0.976839154	0.971066648	0.977000301	0.983269998	0.99490221	0.986927752	1	0.984383055	0.992414436	0.990837326	0.991320773	0.988968268	0.986672261	0.990484821	0.97058098	0.986035472	0.973378154	0.983813712	0.985507766	0.985618055	0.938776047	0.961529249	0.985087012	0.97609237	0.977670277	0.980492454	0.97492602	0.983491984	0.980022555	0.97860596	0.979315775	0.977959969	0.983088869	0.978246088	0.973358534	0.982375971	0.978159176	0.954203212	0.98015837	0.974586562	0.979337146	0.984372474	0.977736721	0.979585119	0.981008508	0.983485953	0.986270385	0.974809976	0.972068046	0.975141964	0.980280578	0.980198061	0.981017896	0.983310401	0.984656027	0.98512202	0.988411247	0.984514482	0.982537631	0.979916396	0.986912996	0.974841895	0.987092931	0.977268431	0.97798401	0.976599647	0.975808555	0.983242423	0.972076334	0.980937504	0.975197345	0.977473498	0.976984198	0.983475711	0.985634411	0.986116235	0.970155386	0.980074803	0.982621834	0.982842372	0.986739561	0.980047596	0.985491595	0.97913655	0.984818929	0.99052688	0.971650883	0.979027981	0.973169063	0.976576454	0.977733405	0.977974387	0.974040865	0.975485874	0.984337097	0.98777513	0.976367414	0.953180724	0.980532073	0.980881455	0.96952908	0.971770894	0.980751753	0.969014927	0.990980528	0.965981107	0.980908101	0.964156495	0.98876693	0.986169402	0.988355713	0.976551292	0.981950247	0.975554628	0.9779822	0.976530147	0.973803012	0.972250149	0.977714847	0.973378334	0.981380889	0.984502528	0.980079327	0.973252477	0.979252471	0.978738348	0.978988641	0.97215446	0.981621235	0.979465077	0.969089289	0.986585245	0.981873318	0.96691857	0.957941509	0.972209053	0.986728849	0.987594289	0.981403892	0.962801019	0.980596188	0.979213378	0.979681903	0.977376542	0.946755238	0.976365732	0.975810665	0.97996529	0.93376893	0.986945263	0.97195279	0.97615608	0.978310599	0.985803739	0.980982854	0.984284344	0.976825629	0.98490597	0.973453622	0.972623696	0.979704902	0.975204518	0.973506623	0.983198057	0.97417146	0.981510988	0.986291168	0.984633086	0.985012519	0.984815618	0.984740713	0.982119981	0.976537035	0.982782235	0.968953343	0.977321824	0.974738822	0.981369309	0.976477341	0.984129477	0.991743624	0.97727643	0.974601766	0.980507377	0.989729357	0.989403704	0.99037851	0.982977451	0.962085153	0.972663452	0.984087139	0.979473107	0.984681971	0.983118512	0.982924339	0.980361938	0.986556885	0.983969035	0.988449915	0.957746197	0.946962372
0.977369154	0.990259922	0.976983368	0.990889556	0.985104762	0.990849338	0.993937992	0.991219495	0.992663946	0.984383055	1	0.990961225	0.987223035	0.992652462	0.989415219	0.986832408	0.989376147	0.943129243	0.978920679	0.975395702	0.985008466	0.977650048	0.979140536	0.919998783	0.957687683	0.986069301	0.986479307	0.985872886	0.979883775	0.985743862	0.988924313	0.992681529	0.989970462	0.992903259	0.979855913	0.988330626	0.991450826	0.984193917	0.989761385	0.990034299	0.940347826	0.98751982	0.980946145	0.979681398	0.993723074	0.983113098	0.9856341	0.990307197	0.991387566	0.986242367	0.988091987	0.989662866	0.987794822	0.991780566	0.993373979	0.992043047	0.993475335	0.991635485	0.987009231	0.985625418	0.99055048	0.98897837	0.987739985	0.971464972	0.946736729	0.987999276	0.987360788	0.987411041	0.988092777	0.977406177	0.980518031	0.976732462	0.971762998	0.977109187	0.967405766	0.989031814	0.981345711	0.983759458	0.983425441	0.943549108	0.980071963	0.977434496	0.9819371	0.985828485	0.982804817	0.989291268	0.979339593	0.993866766	0.97793069	0.990949834	0.991795668	0.987788975	0.974105499	0.98724225	0.990462547	0.986193913	0.977261506	0.98953746	0.988628262	0.983976209	0.959100384	0.989541349	0.991250724	0.984729442	0.98775674	0.99103129	0.972593101	0.980396754	0.976843175	0.971843991	0.961110847	0.983428534	0.97682539	0.985522891	0.97084024	0.992207342	0.990040284	0.982982696	0.979239533	0.985608558	0.989342808	0.987102492	0.984010503	0.985913848	0.9631755	0.985335563	0.986533664	0.965001391	0.98809826	0.981049118	0.953334205	0.991083753	0.988692735	0.973124173	0.992757184	0.981617609	0.977590876	0.950503499	0.943882319	0.989446848	0.970918431	0.982236909	0.952464321	0.977312182	0.985469806	0.98557391	0.992727254	0.966189426	0.991767062	0.992006323	0.989553554	0.948461229	0.989990883	0.990182355	0.990968755	0.992259968	0.994238123	0.975492769	0.984223012	0.952427108	0.986621579	0.985902106	0.984420034	0.988236526	0.985984029	0.976801103	0.98821432	0.981958008	0.980731073	0.981887267	0.988661971	0.990612658	0.987660868	0.988398033	0.989072084	0.988516044	0.970396026	0.961519209	0.966380796	0.971209706	0.980466318	0.975895413	0.990031741	0.985463455	0.970148375	0.977507267	0.983068682	0.983383418	0.976425646	0.98199479	0.994355086	0.964942456	0.983584423	0.989717491	0.973302235	0.979431038	0.988246904	0.9815955	0.974572548	0.967259182	0.979971051	0.989581346	0.941184793	0.968839986
0.978490449	0.986594612	0.970172908	0.98417028	0.982824462	0.984572414	0.986516626	0.994377168	0.990419318	0.992414436	0.990961225	1	0.991614277	0.995396628	0.991696268	0.99093952	0.992690407	0.965973552	0.986108591	0.982239739	0.987991719	0.985616112	0.987490048	0.943337276	0.966795887	0.982778132	0.979266148	0.975342585	0.976171513	0.975501433	0.982831135	0.986545014	0.984324052	0.98789392	0.984013485	0.98488459	0.982100878	0.975895318	0.984415176	0.98399863	0.957557661	0.986691636	0.978198912	0.984135523	0.990165893	0.988567049	0.982914738	0.985540474	0.989071556	0.990367557	0.985253971	0.982420262	0.985426048	0.988122713	0.988368954	0.987444169	0.989530618	0.990529712	0.990767114	0.990090149	0.990078369	0.988142399	0.985687407	0.986874094	0.96872262	0.991064319	0.986669664	0.987489521	0.981550333	0.975491466	0.983698574	0.978638772	0.980650171	0.981139627	0.980306498	0.980222157	0.981481139	0.988086642	0.987045706	0.96233476	0.983756789	0.983674583	0.982514538	0.984029747	0.985536915	0.992057299	0.985418236	0.99096794	0.987875999	0.978375504	0.986782032	0.984957858	0.981865846	0.985494105	0.982362475	0.977315594	0.982482469	0.987120769	0.988227068	0.984219649	0.969551508	0.984195424	0.984939485	0.985011248	0.974622494	0.98925709	0.97980864	0.990543713	0.969711841	0.979363508	0.974257468	0.988638169	0.985104374	0.987039053	0.981857314	0.991174642	0.983178213	0.984772496	0.985661078	0.984505005	0.979478175	0.986277713	0.985323736	0.986581591	0.978210753	0.98586042	0.980920094	0.9818299	0.982437076	0.986137658	0.971998296	0.988455696	0.988194316	0.975255121	0.991437237	0.983442527	0.980171017	0.963171875	0.968465771	0.994009826	0.98428977	0.985052957	0.967329573	0.986055222	0.98784052	0.987864747	0.985519962	0.958771067	0.984785911	0.985250874	0.987781041	0.9400005	0.99087071	0.982086792	0.98412518	0.985703083	0.99055083	0.984973451	0.988909623	0.9736085	0.989110723	0.984938163	0.985907914	0.990004216	0.982255036	0.985435115	0.98916038	0.983073166	0.985070599	0.987834652	0.988862381	0.989958667	0.988807742	0.991504398	0.988883211	0.985734607	0.977469435	0.964287894	0.976537109	0.970584648	0.984373744	0.981547645	0.987919132	0.994165063	0.982616888	0.980452105	0.984389639	0.99280207	0.988748412	0.991263288	0.988707172	0.972223647	0.982880812	0.98597401	0.982073342	0.986364125	0.990972978	0.989571271	0.984676831	0.984892997	0.980914686	0.994474134	0.960304013	0.956451836
0.973957798	0.981096087	0.961404008	0.982449877	0.972813547	0.979262767	0.982729803	0.991783335	0.985558592	0.990837326	0.987223035	0.991614277	1	0.991362348	0.991089329	0.988821028	0.991340271	0.96495269	0.982300025	0.981016216	0.985916239	0.983018523	0.98288425	0.936930694	0.963441453	0.975421478	0.966981185	0.966597562	0.966433531	0.965839039	0.976009814	0.979526273	0.978235842	0.982998394	0.97612907	0.979439522	0.974130527	0.974360414	0.983539439	0.978856043	0.956881558	0.986043862	0.975537461	0.97627402	0.981907686	0.974231767	0.978535997	0.97951986	0.979579164	0.988373674	0.976174735	0.97217161	0.975839748	0.980513962	0.982679357	0.980957459	0.983772519	0.984134451	0.985541354	0.987913248	0.981661401	0.98021417	0.976778436	0.981820442	0.967565584	0.992110879	0.980912563	0.981111478	0.980436774	0.980053265	0.985640687	0.97536992	0.984776077	0.985989063	0.981546135	0.982464282	0.978168761	0.983671943	0.985507427	0.960882294	0.978431966	0.97996382	0.976332161	0.979378095	0.97964569	0.988113034	0.986087439	0.983348769	0.98837017	0.970894189	0.977512826	0.976363175	0.974025018	0.980185462	0.979788492	0.972421523	0.980359207	0.984619709	0.985909586	0.979771534	0.952944596	0.978914617	0.978257736	0.9782849	0.970498688	0.981361694	0.96404463	0.985611445	0.959618228	0.977154401	0.966754956	0.986203536	0.982159135	0.985256504	0.978716454	0.989315653	0.977541125	0.978679718	0.975246628	0.974759868	0.96750935	0.97063183	0.974589955	0.977702215	0.981744268	0.977578188	0.971413861	0.974894685	0.974900064	0.984519256	0.970043683	0.977253931	0.978427905	0.968075171	0.98872737	0.977859859	0.972971704	0.956826634	0.964385965	0.990443903	0.987331894	0.982196464	0.961754114	0.981974613	0.981990235	0.982220989	0.98012255	0.941969422	0.978891037	0.978559355	0.982190636	0.93653307	0.987980443	0.976655522	0.979428088	0.98051332	0.986872149	0.978705378	0.980556037	0.971606933	0.979769155	0.975178426	0.977290927	0.981954772	0.973930104	0.979732989	0.985465683	0.976676226	0.982198263	0.985435159	0.984174998	0.985311046	0.986232777	0.988696892	0.985343526	0.975954808	0.976801973	0.961115428	0.977258513	0.969767992	0.975121658	0.971331884	0.98319917	0.992047954	0.981624505	0.97435154	0.977507794	0.990615324	0.987456262	0.99163022	0.981739725	0.96925612	0.974806557	0.983122306	0.969815639	0.984389436	0.987697728	0.981770021	0.986779695	0.981804862	0.979679467	0.98678071	0.954550792	0.94722498
0.982459061	0.987477117	0.971987944	0.984787385	0.975157265	0.983779297	0.985096737	0.993716154	0.988045555	0.991320773	0.992652462	0.995396628	0.991362348	1	0.992305758	0.992920397	0.992632369	0.965883609	0.988446931	0.985543386	0.987726777	0.984964199	0.984435446	0.938612308	0.958758116	0.988916112	0.983027273	0.980752042	0.979011118	0.97994655	0.984827027	0.988745794	0.988221165	0.991352737	0.98512884	0.988258166	0.986372033	0.977116418	0.99000703	0.989756631	0.96247886	0.990063404	0.978023884	0.985531702	0.989377269	0.9861906	0.983806535	0.988775453	0.98762926	0.989175056	0.982995043	0.980521071	0.984740271	0.987090348	0.989472109	0.986856367	0.988532099	0.990756012	0.991403989	0.990891061	0.990415277	0.986172306	0.982674198	0.984656173	0.965308238	0.99202659	0.987333983	0.987415155	0.985121731	0.98209694	0.985058419	0.979646797	0.981932988	0.983204564	0.984839961	0.985012388	0.98062882	0.990797183	0.988913151	0.956871737	0.986618461	0.986785062	0.986248951	0.988101208	0.984990824	0.991400367	0.990002825	0.991761463	0.986914089	0.985193718	0.988562879	0.984859634	0.981384927	0.988194919	0.986019658	0.981914517	0.987517226	0.992107062	0.990977779	0.98768213	0.967680607	0.986447155	0.988984894	0.98621758	0.977141195	0.985573638	0.978445426	0.990365049	0.973444534	0.974133332	0.974130272	0.98841592	0.981964295	0.988342954	0.985243769	0.992941101	0.983058549	0.98368532	0.984004598	0.985936544	0.98058593	0.986484211	0.981748353	0.985965814	0.979207255	0.987005844	0.977768248	0.980756767	0.98482597	0.988525978	0.968545613	0.987306752	0.986636582	0.979104647	0.992524567	0.982581572	0.979679879	0.96571692	0.970055503	0.993306193	0.984849661	0.985868765	0.971126932	0.98615288	0.986945106	0.986858071	0.987426876	0.963994251	0.985401964	0.985971838	0.986095057	0.932522949	0.992406636	0.981162445	0.984951274	0.985624369	0.991878588	0.981389735	0.985305192	0.970334161	0.986521637	0.980838286	0.984245683	0.987908712	0.981088221	0.982032756	0.990338815	0.980074133	0.987029921	0.990111034	0.989262272	0.990358998	0.990695089	0.992842489	0.989835908	0.983286582	0.974636185	0.963492811	0.972323758	0.971200755	0.984287166	0.976481102	0.990974902	0.991244359	0.977631979	0.975853269	0.981496453	0.990597376	0.988668716	0.98877507	0.991214682	0.972934799	0.979912903	0.98460431	0.981397173	0.987058937	0.989699943	0.988970281	0.984862328	0.983386742	0.981845506	0.994192295	0.961444479	0.95939859
0.979648871	0.988286108	0.967475873	0.987529722	0.977242396	0.986925067	0.985827029	0.992366648	0.992541226	0.988968268	0.989415219	0.991696268	0.991089329	0.992305758	1	0.993243073	0.991998662	0.960333542	0.984295801	0.982851791	0.985433233	0.981820916	0.979922521	0.935219507	0.969164856	0.982655863	0.980425055	0.972852099	0.977370109	0.976753692	0.985340975	0.984266231	0.98326982	0.985474381	0.980323569	0.988020927	0.980187671	0.981495201	0.983642475	0.983163126	0.95275741	0.985124373	0.974635403	0.971400656	0.990345131	0.98561243	0.984124791	0.984318813	0.988276671	0.990379181	0.981956675	0.980753858	0.984657319	0.985671571	0.987270323	0.987545508	0.988574348	0.987698014	0.991607284	0.992181567	0.990388868	0.986927677	0.981812789	0.97883624	0.959940953	0.992273658	0.990220242	0.989774836	0.988168382	0.979644908	0.98456008	0.980238958	0.97939193	0.979189423	0.977917134	0.985996882	0.984048087	0.985268774	0.983770096	0.951550764	0.978802185	0.98093283	0.981390204	0.986602708	0.989726788	0.991351708	0.983429573	0.989832075	0.984073741	0.981837876	0.985589276	0.978326638	0.979990497	0.986148233	0.988141027	0.983295621	0.982190288	0.987969915	0.986787504	0.98217644	0.952145384	0.985677063	0.983143414	0.982962193	0.976365356	0.986210385	0.975249419	0.984390912	0.971501498	0.974478934	0.969078542	0.983208104	0.979733151	0.985275188	0.97899078	0.992636484	0.983829943	0.985335994	0.98070404	0.979839158	0.975634347	0.981070384	0.981817499	0.982760127	0.974722286	0.98362992	0.983307596	0.975937474	0.985067179	0.985007351	0.965001718	0.985306567	0.987832165	0.986353531	0.990052325	0.978243393	0.975167313	0.95798328	0.964096524	0.988375218	0.98171819	0.985476372	0.962810785	0.986779892	0.9882095	0.989383038	0.989192298	0.96547055	0.988013227	0.988013119	0.988364743	0.942692777	0.991827275	0.984319101	0.98749902	0.989231304	0.991847248	0.983494004	0.98694887	0.9643315	0.988928523	0.977453694	0.980480383	0.982951708	0.977367958	0.977931809	0.988661447	0.987029527	0.985673244	0.988002109	0.991325823	0.992178992	0.990896658	0.991400167	0.991277	0.985294374	0.977742394	0.965790425	0.975572922	0.971792318	0.979589531	0.981133343	0.987118795	0.988835745	0.978797481	0.978874317	0.986450821	0.988127767	0.985518021	0.987824603	0.988340557	0.965747443	0.983379976	0.985621089	0.972522874	0.980849022	0.989396086	0.988855592	0.986241576	0.979217513	0.985874758	0.993095833	0.953324521	0.964105309
0.97844627	0.986992196	0.964469539	0.981695306	0.976846406	0.978845341	0.979022765	0.989942525	0.985181639	0.986672261	0.986832408	0.99093952	0.988821028	0.992920397	0.993243073	1	0.988655548	0.971402199	0.989580179	0.984404688	0.98438033	0.980155117	0.98516549	0.950743896	0.959505092	0.980670031	0.975488719	0.972701937	0.970692739	0.970981541	0.978930211	0.97965825	0.98166269	0.985728742	0.984046394	0.97984695	0.974358817	0.97189184	0.975381606	0.974141032	0.964790344	0.985241762	0.972445306	0.971662757	0.98343117	0.981651553	0.977906688	0.978936676	0.982723649	0.986434611	0.980654553	0.977118684	0.981917797	0.984672959	0.986671551	0.98448136	0.983894252	0.986897715	0.991958177	0.990249328	0.988056965	0.977020629	0.974891609	0.984498129	0.96993331	0.988838078	0.984471366	0.983697853	0.983519498	0.979793457	0.985506822	0.978091123	0.986916347	0.984906967	0.986539668	0.982184105	0.97433211	0.989935948	0.989489177	0.963712311	0.986367935	0.984174102	0.980938553	0.982689976	0.980990131	0.988859453	0.9870744	0.986148592	0.986782362	0.979524024	0.983339281	0.976020873	0.982902951	0.985803395	0.982193709	0.980570888	0.98882584	0.988478829	0.989223671	0.984714403	0.947505558	0.98105354	0.981514394	0.981563478	0.979883565	0.980524453	0.976422225	0.988180028	0.9649523	0.968533409	0.975603298	0.985907609	0.978657354	0.98146519	0.98624362	0.988803308	0.976827758	0.981950179	0.979913006	0.983093272	0.974856275	0.98508624	0.979934324	0.977661392	0.984157929	0.980401457	0.973772863	0.98468528	0.985213105	0.986842293	0.97288576	0.980801841	0.984376093	0.980499441	0.986091889	0.978110101	0.980113807	0.969474872	0.971827417	0.989962139	0.98444501	0.981008955	0.97561474	0.987263763	0.982425942	0.984341238	0.982731625	0.965819577	0.980063299	0.980924743	0.985229076	0.945679565	0.989277887	0.976229091	0.981608064	0.980094653	0.988011723	0.975852225	0.983869401	0.969478746	0.982098224	0.979766874	0.985825137	0.987811016	0.983315906	0.982889761	0.990066805	0.978635514	0.984364295	0.987919136	0.989908874	0.988245629	0.986158431	0.993454549	0.989771668	0.981627643	0.973126394	0.952507119	0.966222508	0.962055125	0.978222552	0.97844509	0.980505456	0.988546074	0.978799739	0.977328539	0.983727498	0.989424538	0.988253675	0.985395114	0.984319764	0.973097349	0.976879012	0.976279755	0.979599449	0.983368418	0.984677124	0.98968073	0.982367031	0.982259016	0.976705471	0.990895397	0.967663982	0.95416293
