1	0.654752779	0.615145246	0.645736542	0.5983579	0.622642774	0.599645449	0.61954406	0.620170421	0.618966099	0.621299002	0.633830395	0.627760153	0.635211619	0.638258331	0.642329708	0.658240486	0.612942997	0.630932352	0.640993147	0.636647388	0.624676221	0.611576405	0.543392929	0.574852401	0.632797485	0.621009387	0.629276981	0.622765544	0.626539838	0.623254679	0.648112997	0.642636193	0.650994933	0.630994971	0.631940568	0.636966183	0.593598521	0.637881045	0.633642627	0.601006049	0.630333555	0.622867622	0.572418403	0.646033217	0.583522238	0.621614743	0.628551142	0.625681285	0.631720636	0.637051733	0.63423995	0.642771198	0.641452123	0.648666198	0.654379703	0.64848325	0.648450989	0.653948581	0.652567437	0.646711253	0.658310917	0.644863252	0.649019785	0.612982954	0.633739433	0.650609427	0.653570939	0.618680393	0.595763156	0.623966072	0.609670042	0.621661044	0.619992904	0.615504229	0.614622384	0.631875162	0.63608214	0.647648982	0.573621511	0.636282318	0.640135468	0.619429524	0.646234957	0.569163954	0.628146441	0.63568327	0.651956352	0.65583059	0.611367623	0.607616754	0.615339726	0.602188278	0.62276609	0.623617263	0.604602929	0.619192933	0.629867065	0.615517745	0.615050365	0.498418296	0.611990348	0.626139626	0.593408007	0.595884015	0.635343413	0.582501161	0.647937606	0.573563316	0.601490634	0.61077022	0.63590166	0.634480204	0.636572525	0.623378944	0.637214935	0.604877293	0.631935754	0.625005624	0.607425373	0.599248236	0.615350906	0.602027683	0.623425526	0.608081058	0.624872666	0.606376958	0.65028026	0.621945514	0.638077325	0.622156028	0.628011788	0.645483762	0.569129145	0.650721444	0.633653696	0.624554914	0.62520432	0.583732684	0.644966312	0.635588688	0.60436357	0.599714524	0.651265833	0.656402323	0.652604292	0.647070046	0.564636766	0.64509544	0.644675343	0.639832679	0.49597913	0.655322177	0.62556208	0.639044742	0.644939074	0.65024465	0.646622046	0.634725644	0.622397746	0.627192783	0.619894293	0.635740768	0.61950505	0.619585665	0.63029516	0.647430469	0.623034659	0.656690989	0.659599349	0.653317598	0.656571614	0.660972028	0.656863363	0.648908861	0.64388593	0.627028663	0.594411348	0.601045436	0.616097592	0.584479397	0.608610594	0.629689737	0.650464201	0.590461187	0.613932183	0.625770851	0.656389686	0.656672866	0.654903924	0.612421771	0.615231785	0.628150378	0.641149488	0.599597297	0.640809698	0.620804622	0.653769025	0.622166509	0.639330759	0.638187142	0.647450553	0.598076204	0.533905187
0.654752779	1	0.728873031	0.809686552	0.767432643	0.794519481	0.753657606	0.764883502	0.77497065	0.749590908	0.768680311	0.764018662	0.75167967	0.762784662	0.767873575	0.763668223	0.795303174	0.717671151	0.776415811	0.760198376	0.770486958	0.753935184	0.730244001	0.64633834	0.69389675	0.750849742	0.752137395	0.75360769	0.739454432	0.756449658	0.756783744	0.763003579	0.758573277	0.765991849	0.758143985	0.749994881	0.746941318	0.738892166	0.747558603	0.753371095	0.697319468	0.77339716	0.733426734	0.688285906	0.790484823	0.719794036	0.762732662	0.765697505	0.768292394	0.775264359	0.778613411	0.775633095	0.775967663	0.7838465	0.785744577	0.796720022	0.795196418	0.79409557	0.795969645	0.793329367	0.791272824	0.778929102	0.770842153	0.751069361	0.694439194	0.760250977	0.801689978	0.805640503	0.760651655	0.727695893	0.748717592	0.742733767	0.733506562	0.739166448	0.717378525	0.752908257	0.772037223	0.760916216	0.762823914	0.669199652	0.752809146	0.754597493	0.752865239	0.771051427	0.675572826	0.777684921	0.764084796	0.786032574	0.764620714	0.756647283	0.756151135	0.730383447	0.736867728	0.761023171	0.762897459	0.75352992	0.748038765	0.770411901	0.764908039	0.753373845	0.613609683	0.769932446	0.753738933	0.741424957	0.760942477	0.786017722	0.708345003	0.757387623	0.71202632	0.741863489	0.749377401	0.753326498	0.74643147	0.769709818	0.73971495	0.776194719	0.763925212	0.771293932	0.761746042	0.738597541	0.733066118	0.749634615	0.74625386	0.749353354	0.71614901	0.748705648	0.756401363	0.752908988	0.770980633	0.785260838	0.725316075	0.76526127	0.792986545	0.689615229	0.768540646	0.772862284	0.75555225	0.718664022	0.687116783	0.774350216	0.750289377	0.731652592	0.709821159	0.786547723	0.800748296	0.803349487	0.800990512	0.694658996	0.798607255	0.800101314	0.800551427	0.630918783	0.80513898	0.797518576	0.794750345	0.799246287	0.804596865	0.741812149	0.771695174	0.718168065	0.770814855	0.762457068	0.77122929	0.767362457	0.765096814	0.771035857	0.820997214	0.786903463	0.781278208	0.782810733	0.803981667	0.796638564	0.796103229	0.795701244	0.803498445	0.780595738	0.730343603	0.700308135	0.711291294	0.722557324	0.729530166	0.742096641	0.764533653	0.781333637	0.72548565	0.745161534	0.756358968	0.783766037	0.763138712	0.7779785	0.760165178	0.731688636	0.794625452	0.78400836	0.727262286	0.752699665	0.765691836	0.777289882	0.759914492	0.735685205	0.771570487	0.789432425	0.710371515	0.659050666
0.615145246	0.728873031	1	0.730630642	0.702783606	0.717190829	0.677656782	0.685589514	0.689645359	0.690256054	0.701080095	0.687904041	0.673246276	0.685798896	0.687099184	0.677215796	0.72569765	0.654278233	0.712372755	0.691974759	0.669768782	0.694425475	0.669159564	0.599940348	0.648863953	0.700767929	0.702907072	0.713850911	0.724264909	0.715480095	0.709074335	0.716678697	0.71208729	0.712417747	0.719978414	0.710146465	0.70949476	0.669064703	0.706539432	0.703392184	0.647297477	0.708787494	0.763402744	0.643350639	0.721338678	0.641604831	0.715553748	0.707265548	0.703161864	0.682708285	0.73870538	0.735662235	0.735900256	0.737814216	0.725592419	0.734342377	0.737517446	0.732103123	0.729887726	0.731899313	0.735959644	0.743146454	0.747180446	0.703821396	0.657211687	0.672102809	0.714553296	0.717671794	0.713343405	0.678459302	0.711270405	0.710198737	0.675991456	0.681947207	0.649727257	0.706345808	0.736896807	0.709250431	0.704379127	0.634643916	0.712242854	0.728338068	0.739057273	0.74289182	0.630072246	0.699182718	0.697045701	0.731960203	0.717385401	0.6966094	0.712454262	0.67318147	0.69088467	0.687430049	0.695612537	0.704726517	0.686314104	0.688825362	0.706004815	0.70974343	0.582884682	0.688283153	0.718692035	0.662406871	0.705521881	0.739305164	0.626172374	0.692560372	0.661671838	0.69329678	0.630975504	0.704513807	0.722434837	0.727875313	0.695818322	0.7100951	0.708898667	0.681937899	0.692301121	0.661900235	0.694527933	0.700530736	0.695698111	0.696733359	0.654641621	0.719744161	0.692921539	0.699965985	0.719803246	0.69475124	0.68014004	0.711256314	0.72301917	0.621747348	0.722431509	0.741051556	0.710130715	0.68532658	0.604519123	0.698405249	0.697778353	0.708268391	0.648900511	0.706628298	0.724678139	0.719558534	0.732690441	0.640339705	0.731319592	0.731899258	0.715533646	0.531022397	0.735431072	0.711401296	0.728372032	0.736436093	0.73565861	0.713283407	0.712218705	0.670418189	0.712666668	0.707885227	0.68964701	0.700805081	0.712283096	0.678356336	0.725303233	0.717426179	0.726004967	0.732438549	0.739517158	0.740526164	0.745101007	0.718238439	0.722793814	0.71848611	0.706764495	0.707143039	0.678806622	0.719400978	0.683116087	0.683142557	0.70629201	0.720467151	0.64513545	0.693417575	0.705896757	0.724206485	0.714540076	0.727714609	0.678321593	0.659966728	0.69932753	0.742106816	0.668102813	0.716954877	0.687040431	0.699140472	0.683611386	0.69023432	0.727061212	0.714980281	0.634366816	0.618777095
0.645736542	0.809686552	0.730630642	1	0.766186295	0.80231896	0.752921767	0.756367263	0.768596233	0.744199279	0.76995746	0.756630866	0.754949459	0.756075441	0.766005564	0.752167655	0.791599259	0.699976509	0.771598205	0.763303142	0.756622384	0.744940022	0.723316516	0.634169238	0.697797334	0.741642721	0.743469891	0.746295371	0.739365362	0.752115643	0.7552943	0.760306158	0.754411722	0.76175662	0.748568277	0.757870908	0.748996175	0.740079	0.750956185	0.757894778	0.689354721	0.775197234	0.73340172	0.687086657	0.794049295	0.717977996	0.765299483	0.763195965	0.766975609	0.763927199	0.78450408	0.782868938	0.779659546	0.788025378	0.784574258	0.795101705	0.796741938	0.791617975	0.79128314	0.788357935	0.787610118	0.78344097	0.778437532	0.743162724	0.683776799	0.760208407	0.804019332	0.806581108	0.769871903	0.73523535	0.756706478	0.752618453	0.737655831	0.747534505	0.714402295	0.764455404	0.780341118	0.752337585	0.754755708	0.656062292	0.748364747	0.755215306	0.753350498	0.769120684	0.676922241	0.77721282	0.761413098	0.791775733	0.759228725	0.757422607	0.755761654	0.72927434	0.736708506	0.760053774	0.76606556	0.759808365	0.742558327	0.764925901	0.7624796	0.754751945	0.609309506	0.772947532	0.754072972	0.748246568	0.762783453	0.782739125	0.697766856	0.747711069	0.713321103	0.742519194	0.73235596	0.757966124	0.752289855	0.773704966	0.735631311	0.777454492	0.770409069	0.77250317	0.760088048	0.738412122	0.738746918	0.741029614	0.750387128	0.756447253	0.705483665	0.755488312	0.767090789	0.737811378	0.773280897	0.778807103	0.719477164	0.756187543	0.791225635	0.693454561	0.766592739	0.775607857	0.75444946	0.706901791	0.667956383	0.766940867	0.745629962	0.730713309	0.698446481	0.78512559	0.804029257	0.805958342	0.804357231	0.690549328	0.804400503	0.803508824	0.797478773	0.630235526	0.803169763	0.801707737	0.801639164	0.805872744	0.806111806	0.744672216	0.768667351	0.709537377	0.777053628	0.758693279	0.759555192	0.75867623	0.763390733	0.758210682	0.806252563	0.791233795	0.782003381	0.784021805	0.803070959	0.799056833	0.80078815	0.793606742	0.80441405	0.777079594	0.737518836	0.713564675	0.727784103	0.735698551	0.720375072	0.747742295	0.763949962	0.777276416	0.720799841	0.754621285	0.760820731	0.778530044	0.759058407	0.780109034	0.757629862	0.71746948	0.789687884	0.789223141	0.718699199	0.756368097	0.761150918	0.765922138	0.760429565	0.726580428	0.778522027	0.783160609	0.681288261	0.669667229
0.5983579	0.767432643	0.702783606	0.766186295	1	0.775988521	0.741038985	0.733102424	0.744045168	0.716733819	0.743486919	0.741099268	0.723724013	0.726982574	0.731658534	0.729886508	0.74887847	0.67347268	0.741532103	0.710477972	0.726919595	0.714988645	0.707742513	0.619479362	0.659500196	0.694392355	0.706770538	0.71123897	0.708371235	0.714800082	0.725541633	0.725043725	0.72147657	0.729790661	0.726953816	0.716966637	0.716069165	0.683371317	0.701953581	0.708776476	0.651308357	0.726387919	0.70643623	0.644340265	0.748073099	0.685120037	0.73869583	0.729473859	0.741402316	0.734482085	0.764876113	0.759933215	0.754723108	0.764738029	0.747923188	0.760968526	0.760873821	0.758968945	0.754618004	0.749526634	0.754025101	0.740871064	0.748011129	0.728310125	0.679457193	0.721877764	0.745880777	0.749837195	0.735574786	0.695739128	0.730002939	0.710528438	0.710213387	0.71669457	0.692426442	0.728585505	0.727911715	0.727253408	0.728538167	0.666533155	0.722199322	0.722543603	0.726241197	0.729475672	0.633401512	0.738790224	0.714320433	0.754412752	0.728147588	0.726768813	0.727992196	0.707449382	0.718566667	0.724031086	0.71833695	0.717367225	0.706182543	0.712382242	0.728769563	0.721312209	0.5974873	0.723215357	0.719078196	0.721605618	0.748139434	0.755064214	0.674949935	0.717765699	0.651823456	0.698623673	0.697828822	0.738696797	0.729241042	0.734910487	0.700390967	0.739897731	0.732052041	0.727039645	0.722716106	0.719375728	0.725954817	0.73025073	0.732862091	0.728218513	0.692294411	0.728439807	0.741638041	0.717575536	0.742931154	0.734787983	0.694917516	0.733826963	0.753991744	0.657766255	0.730475843	0.737106331	0.736470232	0.687857988	0.642339831	0.743591835	0.710388485	0.709012283	0.684225917	0.734859996	0.750379535	0.753552708	0.768636559	0.658947003	0.769478057	0.770935808	0.775590711	0.614843979	0.76457945	0.778684901	0.771996489	0.76998476	0.772724889	0.714472717	0.748107437	0.684772495	0.743721985	0.781249957	0.770468192	0.772102588	0.777378967	0.762485061	0.766888141	0.748229087	0.742052579	0.746506832	0.77230436	0.766576664	0.754975313	0.759622327	0.773689382	0.748989508	0.689222497	0.652895727	0.668060872	0.674542144	0.716706305	0.71330048	0.729584134	0.749890839	0.718207552	0.720675061	0.742347102	0.753268606	0.730595749	0.746442308	0.731678907	0.696443842	0.74710529	0.7440367	0.701166171	0.726834716	0.730783189	0.732095128	0.712727567	0.695488858	0.715412547	0.743071628	0.666442793	0.637914787
0.622642774	0.794519481	0.717190829	0.80231896	0.775988521	1	0.764549609	0.753426299	0.767514498	0.741391345	0.766850059	0.75584177	0.748366121	0.754202905	0.762076824	0.742648078	0.777537724	0.67705079	0.758382328	0.741077141	0.749011422	0.727085448	0.716271871	0.600889892	0.676437938	0.737407826	0.74620316	0.74237461	0.740436653	0.749578785	0.753806841	0.751405298	0.751893539	0.755810425	0.734277377	0.76008031	0.749285086	0.727135106	0.742845099	0.753032121	0.664671467	0.758299058	0.718438207	0.68412538	0.789343124	0.721930633	0.770356761	0.766648446	0.774612681	0.757928236	0.782424417	0.778408434	0.775268674	0.782783949	0.778170797	0.786990818	0.787644464	0.785348766	0.77956383	0.773102843	0.779834579	0.779954058	0.778253372	0.727945174	0.67373213	0.750154579	0.797962514	0.798237417	0.776169792	0.739338111	0.754952421	0.74736016	0.731180476	0.739550443	0.712085834	0.771611914	0.77305488	0.75410687	0.750350533	0.663467356	0.73981432	0.745655329	0.753533368	0.764893601	0.666621185	0.767777067	0.745858491	0.787611431	0.746501731	0.762293531	0.764489144	0.729161407	0.733439069	0.759683256	0.757045057	0.754671334	0.723630125	0.742988952	0.752298181	0.751647659	0.609483907	0.761299378	0.748930692	0.73834121	0.762059782	0.779279002	0.693156528	0.735580727	0.697237556	0.727031309	0.704824145	0.748629945	0.745881575	0.766125157	0.716272429	0.767721506	0.770064345	0.762462817	0.760960996	0.745433747	0.747610509	0.744530768	0.754094768	0.76632099	0.695130963	0.751125372	0.77383739	0.715958058	0.771120334	0.765663265	0.699152114	0.761157826	0.785101945	0.691521747	0.759471553	0.757000159	0.740027209	0.687848943	0.652644648	0.760843199	0.727045815	0.717473726	0.68081948	0.772815298	0.794311536	0.797672234	0.817868312	0.684585891	0.818816658	0.817667272	0.811829268	0.625000788	0.807300557	0.815777166	0.817076126	0.81791005	0.817409364	0.741518359	0.768284879	0.684931536	0.778775361	0.760959975	0.75588612	0.756590296	0.761220002	0.741649074	0.790491708	0.787135684	0.781977209	0.781192494	0.80470318	0.80399868	0.79412602	0.790365216	0.807917536	0.77786108	0.722200241	0.699323383	0.71055154	0.714429016	0.719329334	0.72983094	0.76802424	0.767580337	0.717179812	0.729341792	0.757956141	0.774777456	0.753236705	0.773434668	0.766075182	0.689895456	0.787133953	0.78440413	0.708422313	0.739244254	0.75049833	0.761092265	0.743413169	0.716480009	0.77060051	0.775576334	0.654288285	0.675441776
0.599645449	0.753657606	0.677656782	0.752921767	0.741038985	0.764549609	1	0.761947064	0.769688144	0.752930178	0.769212268	0.745720252	0.742919158	0.749037008	0.747127365	0.731380682	0.747182506	0.635260171	0.719478004	0.69002949	0.725688765	0.702338993	0.696312998	0.547836508	0.643365925	0.721186056	0.727707805	0.733508625	0.721391309	0.73080538	0.736427575	0.737740974	0.729458022	0.735380637	0.704212521	0.729889296	0.736642269	0.693576476	0.732827413	0.732941639	0.601945472	0.711269343	0.683859869	0.661736221	0.759694682	0.689999767	0.720608072	0.727303155	0.740878635	0.725843681	0.739060928	0.745212449	0.736280196	0.750412447	0.749330038	0.750365141	0.752675891	0.747561073	0.731434648	0.732719052	0.750211526	0.753911707	0.750752327	0.705170214	0.648650802	0.734610726	0.75130837	0.753564358	0.734062524	0.691697638	0.709429848	0.69266951	0.690125172	0.696495116	0.681354267	0.738072821	0.721352871	0.714200151	0.711977705	0.640086916	0.696812822	0.697727885	0.718298513	0.73458142	0.631991652	0.727531606	0.692443323	0.750413126	0.711683372	0.724099818	0.731893217	0.680698625	0.689881628	0.723981578	0.729444095	0.723041494	0.685039718	0.719331648	0.722089528	0.702722247	0.564088126	0.734161342	0.724585276	0.710663446	0.726682597	0.740234664	0.670661586	0.712518141	0.662499248	0.699360151	0.663808578	0.724244059	0.710343758	0.729246491	0.671002832	0.728768895	0.732679557	0.725359709	0.705929503	0.711790662	0.727518106	0.717739211	0.70519973	0.729477079	0.666780201	0.709931326	0.735123477	0.695609053	0.725043428	0.716977951	0.644305949	0.742256258	0.745673233	0.672867615	0.741741748	0.716997232	0.680292918	0.623925914	0.624809529	0.72772907	0.697978004	0.696860049	0.627228657	0.725636897	0.747068925	0.748753075	0.763895103	0.661405902	0.761641018	0.763149443	0.76010066	0.597203463	0.752818858	0.765729021	0.761035795	0.763646701	0.767908652	0.70205682	0.728522214	0.661249685	0.739300599	0.731672644	0.724978159	0.735470476	0.735367165	0.717485839	0.748384068	0.72827623	0.729278849	0.729999276	0.751760137	0.754580459	0.744033682	0.741866202	0.753740234	0.74516719	0.690764874	0.673845275	0.677887666	0.684583467	0.679812511	0.698020241	0.72895265	0.733681645	0.684762602	0.691921956	0.720774743	0.730088405	0.716191204	0.730886979	0.768197693	0.650459264	0.742101634	0.750064653	0.6799994	0.706990553	0.733269871	0.730024533	0.695115608	0.676435722	0.72246715	0.748089713	0.62341132	0.629502972
0.61954406	0.764883502	0.685589514	0.756367263	0.733102424	0.753426299	0.761947064	1	0.77822823	0.794394891	0.771935797	0.761450494	0.760434152	0.775125067	0.76510457	0.756493761	0.773376615	0.704903552	0.749289718	0.724068238	0.745871176	0.740360473	0.715923701	0.61388156	0.673175557	0.732155702	0.719349615	0.727422207	0.720980989	0.723739655	0.733661685	0.738844242	0.726333746	0.735217821	0.720443707	0.73526046	0.729037718	0.694590948	0.734776744	0.732654312	0.668906565	0.737752455	0.699727255	0.673161825	0.758454462	0.702236649	0.728495072	0.730683343	0.74611502	0.754270825	0.733751556	0.734339909	0.736244177	0.749764491	0.749518306	0.755180211	0.756826565	0.755381757	0.756824913	0.758527187	0.755541088	0.756405807	0.745810432	0.748037964	0.710072405	0.753760426	0.759290122	0.760490383	0.731790231	0.708077994	0.737907254	0.71417423	0.725993958	0.72091228	0.718602365	0.732744353	0.743305298	0.746539625	0.746943537	0.686349408	0.73342295	0.729984739	0.72919532	0.746757619	0.649182534	0.750453522	0.730869514	0.752645891	0.750206031	0.717772249	0.724706198	0.68236046	0.716582039	0.731057655	0.731438163	0.706414988	0.721145816	0.74096341	0.732976348	0.720317131	0.582335631	0.734540374	0.725521276	0.714747409	0.720386399	0.74791742	0.675503058	0.746205192	0.659476598	0.718263599	0.710609218	0.743212592	0.737932661	0.747349543	0.715945658	0.743239422	0.731700502	0.73990745	0.723759052	0.706955309	0.704723221	0.714147013	0.711852896	0.72677717	0.718349872	0.719095317	0.72832195	0.74540859	0.727708458	0.745695657	0.703157532	0.739394524	0.750530674	0.685098209	0.753077126	0.736877888	0.701643995	0.679621531	0.69053015	0.753450056	0.742489186	0.713568325	0.683768167	0.760502225	0.765335354	0.766731007	0.757804135	0.656324077	0.75414127	0.755161984	0.762760575	0.604767051	0.7709469	0.755801009	0.753877457	0.757430759	0.77336273	0.734395879	0.746310437	0.725909136	0.748811899	0.732490013	0.739100197	0.748968868	0.741430099	0.745247857	0.765838069	0.740521861	0.750253443	0.759668522	0.766923976	0.765880491	0.761363585	0.768229565	0.766319487	0.742876692	0.718848933	0.690145953	0.700487153	0.700786609	0.707461159	0.708787132	0.73698207	0.760078326	0.718030724	0.701486432	0.734733547	0.767714005	0.758726433	0.766570347	0.775480096	0.699583932	0.746406047	0.75309098	0.717182989	0.735115367	0.746590522	0.74868525	0.736057703	0.727787711	0.748954221	0.76823716	0.678181679	0.602982741
0.620170421	0.77497065	0.689645359	0.768596233	0.744045168	0.767514498	0.769688144	0.77822823	1	0.765604134	0.769049877	0.752675751	0.746144532	0.755572436	0.762715586	0.74714015	0.764604073	0.674931018	0.730878587	0.718767217	0.750221926	0.726358579	0.696020826	0.595161459	0.67291759	0.723567205	0.730085458	0.725579779	0.719916946	0.726858766	0.740215756	0.744618377	0.735328154	0.737316194	0.723588827	0.735778189	0.737331286	0.714700146	0.731059681	0.732669672	0.650676907	0.737249597	0.701942432	0.655758936	0.766906926	0.703720449	0.736827515	0.736753938	0.753299513	0.750656829	0.742038639	0.748405188	0.740653639	0.752566744	0.747771353	0.762269677	0.765308247	0.757541236	0.753755246	0.757623294	0.75585312	0.756728255	0.746825956	0.717953093	0.670172041	0.752993957	0.764112128	0.766932971	0.734070513	0.697363685	0.722674144	0.702227927	0.697266732	0.7011104	0.692281601	0.728449106	0.742895316	0.723945478	0.724526668	0.641617871	0.712136433	0.717723971	0.724575668	0.746114131	0.646080843	0.750996805	0.727257574	0.7568189	0.733972399	0.721338687	0.722251323	0.686220461	0.696785109	0.726673182	0.732432273	0.712622346	0.700014128	0.735601843	0.722022534	0.705854476	0.574361943	0.742933947	0.724500653	0.71291498	0.720999267	0.754347888	0.677962627	0.721273594	0.666451971	0.707565326	0.696837193	0.722617301	0.720824014	0.739080121	0.696465641	0.746012204	0.737913693	0.742120972	0.727095165	0.707051531	0.71113985	0.718542212	0.717970464	0.734335365	0.683641923	0.723810614	0.739610877	0.716082121	0.723425772	0.743061331	0.679682066	0.751460754	0.757470118	0.681850873	0.745762013	0.731472658	0.699973869	0.667575821	0.672162784	0.743435495	0.719085674	0.713367611	0.663370494	0.745650413	0.764198558	0.765863766	0.771566189	0.661840578	0.769703425	0.770706657	0.770340622	0.608658972	0.77009593	0.774585608	0.764747673	0.772034051	0.775686531	0.726681636	0.748509573	0.688512745	0.748222256	0.733415567	0.738289575	0.737564975	0.738583424	0.737353016	0.768750784	0.759625508	0.742757414	0.747172654	0.76770859	0.766454304	0.760883998	0.755984281	0.769796605	0.755757633	0.703911861	0.681816725	0.689883062	0.697184725	0.701070385	0.711277866	0.742151513	0.748840346	0.701696981	0.708091646	0.729376376	0.751122113	0.735170024	0.751887339	0.776166229	0.688390749	0.755833108	0.757432969	0.687603003	0.72200813	0.748014543	0.748153585	0.728890752	0.7049005	0.745363477	0.763537933	0.661287902	0.633610489
0.618966099	0.749590908	0.690256054	0.744199279	0.716733819	0.741391345	0.752930178	0.794394891	0.765604134	1	0.755116328	0.761225611	0.763255136	0.769073187	0.761406072	0.754629297	0.770717497	0.72816024	0.759276567	0.719376798	0.737807727	0.744492811	0.727163271	0.629208344	0.670543217	0.734572357	0.715016463	0.725004117	0.732202911	0.717159273	0.728913668	0.732396962	0.725174244	0.730084726	0.725987565	0.73277502	0.720972909	0.683054467	0.730896377	0.72032138	0.684928155	0.729437122	0.702343415	0.674290663	0.752327145	0.697840547	0.729370083	0.727626727	0.741156879	0.742362745	0.730093087	0.724764275	0.73094711	0.743059747	0.738569785	0.744917612	0.750868785	0.75329349	0.753872215	0.762732209	0.752602536	0.756811078	0.748834404	0.767935642	0.740839279	0.749183403	0.749481958	0.750201715	0.722829177	0.708134497	0.742717099	0.710392498	0.74153766	0.722347964	0.732633048	0.723322914	0.750550381	0.743295609	0.750311959	0.716890268	0.731648677	0.743552363	0.739476148	0.753119394	0.641125684	0.742062106	0.730223186	0.753015873	0.768838423	0.701968081	0.720269109	0.676151993	0.71598156	0.720844052	0.717673739	0.705078894	0.717184246	0.731811537	0.735438111	0.717267951	0.578619765	0.722930743	0.719446174	0.697244913	0.710018822	0.740789929	0.671301382	0.760406987	0.663270504	0.729796231	0.70148007	0.758101224	0.758587216	0.755637651	0.723495693	0.732031653	0.715259735	0.730111995	0.725053214	0.708927108	0.705291352	0.717154242	0.713115042	0.73394593	0.739851723	0.718669556	0.718275142	0.759519628	0.724762736	0.738387268	0.723408751	0.737738563	0.745561035	0.675243801	0.746242566	0.749517094	0.69590117	0.694666103	0.709841469	0.746975893	0.762313056	0.709537972	0.692960725	0.760573518	0.755233369	0.757036355	0.744766109	0.638947458	0.742363226	0.740838711	0.748763112	0.595866348	0.766943531	0.734455455	0.740853191	0.746209783	0.764983378	0.740514851	0.744244061	0.742221031	0.748898656	0.721622183	0.720582497	0.735211084	0.727756283	0.727811625	0.758982828	0.731779179	0.754726957	0.767604383	0.763015717	0.762850047	0.7634071	0.760016148	0.756366057	0.738845876	0.742914235	0.713833676	0.723917979	0.716688629	0.694047092	0.713010965	0.734803654	0.77018568	0.717629645	0.703225258	0.732468577	0.774172364	0.776698198	0.778980262	0.755497557	0.688751752	0.728945579	0.752809489	0.72301779	0.752292767	0.734407613	0.755305882	0.736962283	0.748096047	0.753650234	0.76603836	0.689190711	0.587032998
0.621299002	0.768680311	0.701080095	0.76995746	0.743486919	0.766850059	0.769212268	0.771935797	0.769049877	0.755116328	1	0.751500765	0.749833984	0.767017358	0.753861809	0.748601499	0.760909729	0.667591541	0.741990715	0.717735778	0.733184931	0.714539784	0.711111046	0.589112379	0.664582134	0.731501858	0.735356526	0.738339967	0.729326998	0.73879952	0.741030197	0.751657717	0.743169996	0.752196183	0.723757663	0.738018438	0.744328286	0.708604643	0.741894129	0.747161791	0.654151798	0.741536918	0.708603839	0.670901864	0.769545716	0.696681655	0.732222905	0.743363082	0.752947039	0.734465006	0.756214992	0.757111243	0.753011393	0.766254329	0.767155981	0.764620105	0.767936193	0.761962187	0.75288196	0.750417567	0.761524032	0.765783189	0.761696843	0.7248532	0.67478665	0.745898161	0.768049788	0.768779549	0.743696401	0.706601857	0.731882072	0.717927784	0.714862861	0.725573634	0.708046245	0.746348423	0.738891515	0.734017025	0.735766253	0.651312816	0.731637647	0.730192375	0.736058051	0.744847799	0.64190002	0.746097407	0.729948331	0.769181155	0.734819772	0.737678615	0.741456923	0.703988779	0.706186095	0.736690819	0.741305298	0.730443718	0.717756022	0.737143025	0.734046078	0.728080884	0.595796866	0.741100107	0.740498661	0.726527691	0.737678041	0.761717708	0.672721418	0.726112011	0.675835484	0.702315832	0.684755298	0.741352171	0.736130312	0.749451052	0.705058176	0.749354367	0.738066849	0.735198953	0.726228821	0.726023481	0.732229483	0.729418219	0.729298935	0.739175015	0.685156977	0.723939477	0.736995573	0.726983673	0.741340767	0.735326337	0.680535381	0.751102079	0.762417669	0.680902405	0.756521551	0.741623854	0.712658686	0.670542854	0.644377837	0.749687566	0.718485575	0.709462138	0.667982853	0.746636374	0.765784403	0.765294939	0.775028274	0.674828458	0.772712293	0.774092396	0.765106152	0.613186842	0.768400687	0.770559565	0.769769335	0.773659053	0.779451508	0.723704968	0.738085802	0.682980593	0.749093306	0.745162097	0.742570774	0.747846488	0.74372529	0.730077126	0.76680206	0.742858901	0.749334282	0.753004151	0.768680869	0.771930881	0.765295558	0.764945556	0.767491737	0.761616036	0.710465306	0.69522042	0.696840944	0.711005803	0.694047652	0.711660005	0.742507993	0.752065885	0.694465614	0.710904971	0.732342406	0.755623989	0.74006123	0.753698139	0.769940376	0.684471995	0.747035731	0.761435206	0.705144436	0.733286372	0.747662672	0.744831389	0.723798161	0.6987166	0.740931658	0.763089778	0.652128802	0.632463305
0.633830395	0.764018662	0.687904041	0.756630866	0.741099268	0.75584177	0.745720252	0.761450494	0.752675751	0.761225611	0.751500765	1	0.757662533	0.763262265	0.759338177	0.754930762	0.770715082	0.716199345	0.753240731	0.733881297	0.746607352	0.738043096	0.728550072	0.622988263	0.680340804	0.728073488	0.719701425	0.718742498	0.722018537	0.715368445	0.728455199	0.736344551	0.727081547	0.739154764	0.737781328	0.731975816	0.72872993	0.688542692	0.732342427	0.734103504	0.687638039	0.742327779	0.706204441	0.680819305	0.76114751	0.71790474	0.730476326	0.729964359	0.743147229	0.751150251	0.750008522	0.744574247	0.750309884	0.757630231	0.756070694	0.754631109	0.759692472	0.76382677	0.764634802	0.765095143	0.760983867	0.76272033	0.759164871	0.762282206	0.716784081	0.755557636	0.764951999	0.76612382	0.727167024	0.700027109	0.735448651	0.719647785	0.731369686	0.728742162	0.727644651	0.727462926	0.736127201	0.747052793	0.747068395	0.686832053	0.737182618	0.743040603	0.738949806	0.741985737	0.645161848	0.746343024	0.739714607	0.7623522	0.758352447	0.714635879	0.731512954	0.692752715	0.718227476	0.727408728	0.716760342	0.711703196	0.722096513	0.736127514	0.734629823	0.726790233	0.606227871	0.730216579	0.725600057	0.726436647	0.712322555	0.751021624	0.688523932	0.74628816	0.655761116	0.715616457	0.715341677	0.754060091	0.751076851	0.750759578	0.732486752	0.749970746	0.72828065	0.740011642	0.74188368	0.723376135	0.715601337	0.727370301	0.729532267	0.740604935	0.715970468	0.72696676	0.725622196	0.759795792	0.731108316	0.751559832	0.715783701	0.747969783	0.761009451	0.68626201	0.750683209	0.744247054	0.72338693	0.698138171	0.703892019	0.759233709	0.748501793	0.715303848	0.700193764	0.76449188	0.770973561	0.769972128	0.759259105	0.65787417	0.758576822	0.758420454	0.76228856	0.598712669	0.771889594	0.753517437	0.75596006	0.759344658	0.771360654	0.737516553	0.750312691	0.725830024	0.749700043	0.739364413	0.745357678	0.754655621	0.739109332	0.745205092	0.773008889	0.744231527	0.759397953	0.765811821	0.767615911	0.77095791	0.767058286	0.770195544	0.767331659	0.753667556	0.721087042	0.695761896	0.715902856	0.704364844	0.701803798	0.714395797	0.738422095	0.772284583	0.716418318	0.706701955	0.733516781	0.773170684	0.766941504	0.775171241	0.74968704	0.699640178	0.746652708	0.755217614	0.722055715	0.750808793	0.752227255	0.7631486	0.741735777	0.738375332	0.738308841	0.776328054	0.693716339	0.60371468
0.627760153	0.75167967	0.673246276	0.754949459	0.723724013	0.748366121	0.742919158	0.760434152	0.746144532	0.763255136	0.749833984	0.757662533	1	0.768189698	0.762016626	0.757468021	0.769340358	0.716624815	0.747621786	0.736407836	0.740851894	0.729227891	0.71899262	0.619592167	0.675903402	0.714351187	0.696631055	0.701544812	0.702581729	0.696967148	0.712203714	0.725090131	0.720845093	0.733902686	0.725639161	0.72311621	0.71758223	0.686928148	0.735130137	0.720797082	0.692915276	0.745256038	0.698707456	0.666346488	0.748831212	0.687563959	0.726275345	0.723383001	0.732031814	0.74435806	0.732952637	0.725408267	0.730626491	0.741227087	0.743737913	0.743971494	0.752032124	0.750967771	0.753596978	0.758941735	0.745928033	0.747863136	0.739129948	0.752916588	0.716794859	0.758536601	0.755730711	0.757577663	0.730593813	0.714733681	0.744362022	0.71832344	0.748179626	0.746210498	0.736250187	0.737852815	0.732996426	0.738051335	0.747706653	0.691767765	0.73170124	0.735934388	0.720748084	0.732488865	0.63806058	0.746357249	0.744943856	0.748954234	0.762397112	0.697315039	0.714151101	0.680799488	0.704642213	0.720627794	0.717010202	0.700584142	0.726853915	0.73172269	0.730257592	0.716771339	0.578366639	0.721713731	0.716494332	0.710192563	0.703211603	0.745910923	0.659613081	0.747240419	0.646445286	0.717382462	0.708563512	0.753178678	0.742414147	0.746809876	0.728598214	0.748777277	0.723056536	0.731008573	0.719270241	0.706782139	0.69621191	0.693587045	0.710710173	0.719191888	0.724661862	0.712865746	0.708412094	0.747783174	0.715761722	0.747751685	0.717693539	0.723155459	0.74077641	0.669182242	0.751141731	0.735787558	0.707886776	0.690257376	0.687646746	0.749847287	0.755260356	0.713159512	0.691876567	0.760065733	0.761257144	0.760456622	0.75142119	0.628733542	0.751443026	0.749958453	0.755450205	0.599546051	0.769326017	0.74345505	0.752280863	0.753951165	0.768364595	0.733487321	0.732992702	0.726300711	0.733833276	0.722784819	0.732304552	0.741164312	0.724262887	0.738944052	0.762769947	0.733683532	0.754752758	0.764807133	0.762055007	0.763998384	0.764913282	0.769311396	0.762654907	0.735712017	0.722580041	0.69199901	0.720557672	0.704950678	0.679841175	0.698588307	0.73384722	0.766583957	0.716885584	0.705007728	0.722006545	0.774621203	0.768134934	0.777361218	0.737405221	0.697534561	0.728794959	0.748189849	0.698926003	0.748620736	0.743347224	0.749115146	0.744725852	0.735411786	0.741545505	0.757776205	0.683248053	0.595163073
0.635211619	0.762784662	0.685798896	0.756075441	0.726982574	0.754202905	0.749037008	0.775125067	0.755572436	0.769073187	0.767017358	0.763262265	0.768189698	1	0.764958857	0.763935316	0.767222415	0.715699025	0.760556271	0.742244492	0.741286576	0.732526579	0.724119075	0.618588445	0.661042682	0.737384755	0.729247817	0.731203775	0.725491844	0.726447782	0.728820925	0.746141999	0.740721172	0.751617768	0.739904207	0.737982825	0.73549255	0.690274305	0.745791599	0.746649542	0.703531683	0.748603273	0.697524077	0.684859464	0.759651609	0.709962336	0.734948161	0.741639358	0.745664056	0.743720129	0.745595274	0.740093042	0.747615587	0.755561645	0.756898159	0.750998476	0.753426165	0.760884002	0.767575307	0.765192337	0.764696581	0.758291269	0.752326705	0.756386275	0.715047445	0.755260629	0.767565033	0.769628613	0.733518112	0.717243686	0.740893805	0.723686119	0.735024768	0.73418429	0.745422063	0.737104606	0.736305357	0.754493882	0.752443975	0.68147992	0.747969901	0.751767724	0.744189972	0.751296198	0.646134974	0.749926448	0.753843479	0.765113834	0.756312367	0.727228797	0.738527065	0.695721712	0.722773184	0.734698934	0.729555016	0.722409662	0.7394171	0.745498394	0.741282211	0.740501234	0.605404072	0.73249913	0.734037972	0.73063001	0.716830967	0.744133744	0.687364873	0.751389765	0.674430418	0.707358199	0.722121038	0.755736667	0.74395483	0.752303096	0.741128637	0.755388254	0.731657761	0.735708727	0.734385519	0.724358048	0.71477123	0.728474876	0.720477152	0.738265773	0.722917947	0.730836861	0.716912887	0.759167621	0.73468424	0.755175295	0.71210816	0.743909706	0.75592628	0.697169778	0.757407183	0.743143299	0.72035265	0.707760161	0.700270386	0.758481012	0.747570909	0.719676672	0.707511566	0.766865076	0.768472289	0.768520589	0.76350177	0.671781971	0.759993557	0.761052303	0.758648733	0.592829875	0.775548073	0.751520979	0.759513045	0.759217058	0.773731352	0.733961022	0.743174455	0.722010318	0.746570974	0.73664446	0.744392066	0.750690483	0.738260648	0.743244591	0.770318607	0.737764275	0.7652241	0.772316773	0.770804417	0.772834763	0.774075387	0.776687807	0.769902577	0.751231204	0.717460953	0.693002703	0.708901369	0.706345745	0.698202084	0.705707709	0.747307026	0.764125803	0.710690927	0.699455525	0.729163532	0.770196588	0.767605567	0.767303947	0.766409482	0.70287243	0.741047851	0.750529456	0.719321164	0.752052838	0.746821979	0.762889299	0.74246797	0.733363177	0.741402013	0.771670172	0.693305042	0.613240426
0.638258331	0.767873575	0.687099184	0.766005564	0.731658534	0.762076824	0.747127365	0.76510457	0.762715586	0.761406072	0.753861809	0.759338177	0.762016626	0.764958857	1	0.772771747	0.769784219	0.705695071	0.752280404	0.741377506	0.739683103	0.726231676	0.714230178	0.611312821	0.683175771	0.726001029	0.722343995	0.715576259	0.72149265	0.720477019	0.731174499	0.737483422	0.730495768	0.739118422	0.728396803	0.739195659	0.724265219	0.698036513	0.731744808	0.729829219	0.678282531	0.737452935	0.699206961	0.659788351	0.766550318	0.704216092	0.740692408	0.738109342	0.747610074	0.747399489	0.747189487	0.743810648	0.750092956	0.756533147	0.752180599	0.75512148	0.756849158	0.755871093	0.769000848	0.76938176	0.765212899	0.763749094	0.748331704	0.746210106	0.702800836	0.756195617	0.775209753	0.775291676	0.744291249	0.713980887	0.743719557	0.729027095	0.731124214	0.728278147	0.727553343	0.743528678	0.74670768	0.739680412	0.741371991	0.672918503	0.730196728	0.741071379	0.735854511	0.750864066	0.661420476	0.75446375	0.738755486	0.765375856	0.753589553	0.722154591	0.727829715	0.684269747	0.718456987	0.73425191	0.739975238	0.724864294	0.726833314	0.739898066	0.733244658	0.726241026	0.576855057	0.727037104	0.723485059	0.724029956	0.714922932	0.748789344	0.68149671	0.742121349	0.666861002	0.711132723	0.709205772	0.745178195	0.740945245	0.748963542	0.724167942	0.7515192	0.733464269	0.742879147	0.730356231	0.719739127	0.711482337	0.720146373	0.724594081	0.734113237	0.713187915	0.721422079	0.732426461	0.748904368	0.73865352	0.749297513	0.706238376	0.74635042	0.762114177	0.702583341	0.753097485	0.735967157	0.713387044	0.692014106	0.688095966	0.750981528	0.745908368	0.719442866	0.691234594	0.770912795	0.773616818	0.776536878	0.769331386	0.675062619	0.767020725	0.766801708	0.768717318	0.605555889	0.776455802	0.760365507	0.766473228	0.771918258	0.776629348	0.744433276	0.74685051	0.713851896	0.751687685	0.725158349	0.738831761	0.739634477	0.733206679	0.735058063	0.768882364	0.761954398	0.761438649	0.768322576	0.775739854	0.776531244	0.775701056	0.771807288	0.773693396	0.758211818	0.729615899	0.705536573	0.716607986	0.713335173	0.693675111	0.721403437	0.740523542	0.76287356	0.712002787	0.713850751	0.740592139	0.767714591	0.7632291	0.770081957	0.753916272	0.687515126	0.74792218	0.756455278	0.703217404	0.742393272	0.749173002	0.765506834	0.747718265	0.730829769	0.758464129	0.77190934	0.680825776	0.618713463
0.642329708	0.763668223	0.677215796	0.752167655	0.729886508	0.742648078	0.731380682	0.756493761	0.74714015	0.754629297	0.748601499	0.754930762	0.757468021	0.763935316	0.772771747	1	0.761657852	0.729398055	0.764832037	0.743061243	0.74012455	0.725834385	0.724403067	0.64242979	0.66674487	0.72218868	0.713118451	0.71656431	0.706639857	0.708764348	0.720955082	0.724096274	0.723459025	0.738114891	0.738479074	0.724513379	0.713025145	0.682263896	0.716464286	0.709771002	0.706988529	0.740844175	0.693565256	0.658406617	0.749154325	0.701263722	0.723757449	0.721930081	0.735758244	0.743710638	0.741699183	0.731889021	0.741909322	0.749632674	0.753590821	0.747429614	0.746709176	0.753585058	0.767670839	0.764853371	0.757462824	0.741641597	0.735176071	0.757444749	0.726341654	0.753933517	0.762341338	0.760356216	0.732377161	0.71215903	0.742676654	0.723310898	0.74585818	0.737483645	0.746922687	0.732527744	0.728123488	0.747906863	0.754607247	0.697861985	0.746214315	0.7478237	0.734067762	0.742434663	0.644119938	0.750175305	0.747139491	0.755006222	0.759742893	0.718496385	0.724053442	0.676587074	0.727673241	0.732953164	0.723649542	0.721810084	0.74331564	0.734353287	0.738420186	0.7295554	0.569626987	0.719160297	0.720038411	0.720177496	0.724641719	0.734520611	0.681483349	0.749685143	0.655646512	0.695623546	0.720608314	0.751275646	0.738683843	0.739701831	0.743167883	0.747769333	0.722770402	0.734580295	0.727105067	0.720971351	0.707443241	0.730000896	0.72156344	0.723870981	0.736944178	0.712818876	0.713339803	0.767590942	0.736155179	0.751533925	0.720186617	0.72773035	0.752896056	0.694771253	0.74294196	0.736068556	0.723712012	0.715650989	0.704836267	0.75259094	0.751342137	0.705199891	0.721213056	0.771951185	0.760704742	0.764540064	0.756786944	0.669680082	0.750416433	0.752366552	0.761554318	0.61144694	0.770651901	0.744025017	0.753396061	0.751728722	0.767625088	0.728555153	0.738866799	0.724690188	0.734671332	0.731025315	0.748190386	0.754449212	0.741378442	0.7451395	0.771070853	0.738099068	0.758221457	0.769124083	0.771759337	0.767851014	0.764706226	0.77724657	0.771940357	0.747703923	0.712798725	0.672075642	0.691428032	0.688846342	0.692502378	0.719334782	0.726796207	0.760880538	0.709205958	0.710601458	0.736866653	0.769452701	0.770270504	0.76364999	0.742680337	0.709021535	0.732723427	0.734877411	0.716747672	0.746452422	0.738845681	0.767205562	0.73972625	0.736083923	0.735025422	0.76729698	0.71157677	0.596340788
